0.000000e+00, 1.000000e+00, 1.000000e+00, 2.600000e-01, 2.600000e-01, -0.000000e+00, 0.000000e+00, 2.600000e-01
1.004755e-05, 1.000000e+00, 1.000000e+00, 2.600000e-01, 2.600000e-01, -0.000000e+00, 0.000000e+00, 2.600000e-01
6.028527e-05, 1.000000e+00, 1.000000e+00, 2.600000e-01, 2.600000e-01, -0.000000e+00, 0.000000e+00, 2.600000e-01
3.114739e-04, 1.000000e+00, 1.000000e+00, 2.600000e-01, 2.600000e-01, -0.000000e+00, 0.000000e+00, 2.600000e-01
1.567417e-03, 1.000000e+00, 1.000000e+00, 2.600000e-01, 2.600000e-01, -0.000000e+00, 0.000000e+00, 2.600000e-01
7.847133e-03, 1.000000e+00, 1.000000e+00, 2.600000e-01, 2.600000e-01, -0.000000e+00, 0.000000e+00, 2.600000e-01
3.924571e-02, 1.000000e+00, 1.000000e+00, 2.600000e-01, 2.600000e-01, -0.000000e+00, 0.000000e+00, 2.600000e-01
1.392457e-01, 1.000000e+00, 1.000000e+00, 2.600000e-01, 2.600000e-01, -0.000000e+00, 0.000000e+00, 2.600000e-01
2.392457e-01, 1.000000e+00, 1.000000e+00, 2.600000e-01, 2.600000e-01, -0.000000e+00, 0.000000e+00, 2.600000e-01
3.392457e-01, 1.000000e+00, 1.000000e+00, 2.600000e-01, 2.600000e-01, -0.000000e+00, 0.000000e+00, 2.600000e-01
4.392457e-01, 1.000000e+00, 1.000000e+00, 2.600000e-01, 2.600000e-01, -0.000000e+00, 0.000000e+00, 2.600000e-01
5.392457e-01, 1.000000e+00, 1.000000e+00, 2.600000e-01, 2.600000e-01, -0.000000e+00, 0.000000e+00, 2.600000e-01
6.392457e-01, 1.000000e+00, 1.000000e+00, 2.600000e-01, 2.600000e-01, -0.000000e+00, 0.000000e+00, 2.600000e-01
7.392457e-01, 1.000000e+00, 1.000000e+00, 2.600000e-01, 2.600000e-01, -0.000000e+00, 0.000000e+00, 2.600000e-01
8.392457e-01, 1.000000e+00, 1.000000e+00, 2.600000e-01, 2.600000e-01, -0.000000e+00, 0.000000e+00, 2.600000e-01
9.392457e-01, 1.000000e+00, 1.000000e+00, 2.600000e-01, 2.600000e-01, -0.000000e+00, 0.000000e+00, 2.600000e-01
1.039246e+00, 1.000000e+00, 1.000000e+00, 2.600000e-01, 2.600000e-01, -0.000000e+00, 0.000000e+00, 2.600000e-01
1.139246e+00, 1.000000e+00, 1.000000e+00, 2.600000e-01, 2.600000e-01, -0.000000e+00, 0.000000e+00, 2.600000e-01
1.239246e+00, 1.000000e+00, 1.000000e+00, 2.600000e-01, 2.600000e-01, -0.000000e+00, 0.000000e+00, 2.600000e-01
1.339246e+00, 1.000000e+00, 1.000000e+00, 2.600000e-01, 2.600000e-01, -0.000000e+00, 0.000000e+00, 2.600000e-01
1.439246e+00, 1.000000e+00, 1.000000e+00, 2.600000e-01, 2.600000e-01, -0.000000e+00, 0.000000e+00, 2.600000e-01
1.539246e+00, 1.000000e+00, 1.000000e+00, 2.600000e-01, 2.600000e-01, -0.000000e+00, 0.000000e+00, 2.600000e-01
1.639246e+00, 1.000000e+00, 1.000000e+00, 2.600000e-01, 2.600000e-01, -0.000000e+00, 0.000000e+00, 2.600000e-01
1.739246e+00, 1.000000e+00, 1.000000e+00, 2.600000e-01, 2.600000e-01, -0.000000e+00, 0.000000e+00, 2.600000e-01
1.839246e+00, 1.000000e+00, 1.000000e+00, 2.600000e-01, 2.600000e-01, -0.000000e+00, 0.000000e+00, 2.600000e-01
1.939246e+00, 1.000000e+00, 1.000000e+00, 2.600000e-01, 2.600000e-01, -0.000000e+00, 0.000000e+00, 2.600000e-01
2.039246e+00, 1.000000e+00, 1.000000e+00, 2.600000e-01, 2.600000e-01, -0.000000e+00, 0.000000e+00, 2.600000e-01
2.139246e+00, 1.000000e+00, 1.000000e+00, 2.600000e-01, 2.600000e-01, -0.000000e+00, 0.000000e+00, 2.600000e-01
2.239246e+00, 1.000000e+00, 1.000000e+00, 2.600000e-01, 2.600000e-01, -0.000000e+00, 0.000000e+00, 2.600000e-01
2.339246e+00, 1.000000e+00, 1.000000e+00, 2.600000e-01, 2.600000e-01, -0.000000e+00, 0.000000e+00, 2.600000e-01
2.439246e+00, 1.000000e+00, 1.000000e+00, 2.600000e-01, 2.600000e-01, -0.000000e+00, 0.000000e+00, 2.600000e-01
2.539246e+00, 1.000000e+00, 1.000000e+00, 2.600000e-01, 2.600000e-01, -0.000000e+00, 0.000000e+00, 2.600000e-01
2.639246e+00, 1.000000e+00, 1.000000e+00, 2.600000e-01, 2.600000e-01, -0.000000e+00, 0.000000e+00, 2.600000e-01
2.739246e+00, 1.000000e+00, 1.000000e+00, 2.600000e-01, 2.600000e-01, -0.000000e+00, 0.000000e+00, 2.600000e-01
2.839246e+00, 1.000000e+00, 1.000000e+00, 2.600000e-01, 2.600000e-01, -0.000000e+00, 0.000000e+00, 2.600000e-01
2.939246e+00, 1.000000e+00, 1.000000e+00, 2.600000e-01, 2.600000e-01, -0.000000e+00, 0.000000e+00, 2.600000e-01
3.039246e+00, 1.000000e+00, 1.000000e+00, 2.600000e-01, 2.600000e-01, -0.000000e+00, 0.000000e+00, 2.600000e-01
3.139246e+00, 1.000000e+00, 1.000000e+00, 2.600000e-01, 2.600000e-01, -0.000000e+00, 0.000000e+00, 2.600000e-01
3.239246e+00, 1.000000e+00, 1.000000e+00, 2.600000e-01, 2.600000e-01, -0.000000e+00, 0.000000e+00, 2.600000e-01
3.339246e+00, 1.000000e+00, 1.000000e+00, 2.600000e-01, 2.600000e-01, -0.000000e+00, 0.000000e+00, 2.600000e-01
3.439246e+00, 1.000000e+00, 1.000000e+00, 2.600000e-01, 2.600000e-01, -0.000000e+00, 0.000000e+00, 2.600000e-01
3.539246e+00, 1.000000e+00, 1.000000e+00, 2.600000e-01, 2.600000e-01, -0.000000e+00, 0.000000e+00, 2.600000e-01
3.639246e+00, 1.000000e+00, 1.000000e+00, 2.600000e-01, 2.600000e-01, -0.000000e+00, 0.000000e+00, 2.600000e-01
3.739246e+00, 1.000000e+00, 1.000000e+00, 2.600000e-01, 2.600000e-01, -0.000000e+00, 0.000000e+00, 2.600000e-01
3.839246e+00, 1.000000e+00, 1.000000e+00, 2.600000e-01, 2.600000e-01, -0.000000e+00, 0.000000e+00, 2.600000e-01
3.939246e+00, 1.000000e+00, 1.000000e+00, 2.600000e-01, 2.600000e-01, -0.000000e+00, 0.000000e+00, 2.600000e-01
4.039246e+00, 1.000000e+00, 1.000000e+00, 2.600000e-01, 2.600000e-01, -0.000000e+00, 0.000000e+00, 2.600000e-01
4.139246e+00, 1.000000e+00, 1.000000e+00, 2.600000e-01, 2.600000e-01, -0.000000e+00, 0.000000e+00, 2.600000e-01
4.239246e+00, 1.000000e+00, 1.000000e+00, 2.600000e-01, 2.600000e-01, -0.000000e+00, 0.000000e+00, 2.600000e-01
4.339246e+00, 1.000000e+00, 1.000000e+00, 2.600000e-01, 2.600000e-01, -0.000000e+00, 0.000000e+00, 2.600000e-01
4.439246e+00, 1.000000e+00, 1.000000e+00, 2.600000e-01, 2.600000e-01, -0.000000e+00, 0.000000e+00, 2.600000e-01
4.539246e+00, 1.000000e+00, 1.000000e+00, 2.600000e-01, 2.600000e-01, -0.000000e+00, 0.000000e+00, 2.600000e-01
4.639246e+00, 1.000000e+00, 1.000000e+00, 2.600000e-01, 2.600000e-01, -0.000000e+00, 0.000000e+00, 2.600000e-01
4.739246e+00, 1.000000e+00, 1.000000e+00, 2.600000e-01, 2.600000e-01, -0.000000e+00, 0.000000e+00, 2.600000e-01
4.839246e+00, 1.000000e+00, 1.000000e+00, 2.600000e-01, 2.600000e-01, -0.000000e+00, 0.000000e+00, 2.600000e-01
4.939246e+00, 1.000000e+00, 1.000000e+00, 2.600000e-01, 2.600000e-01, -0.000000e+00, 0.000000e+00, 2.600000e-01
5.039246e+00, 1.000000e+00, 1.000000e+00, 2.600000e-01, 2.600000e-01, -0.000000e+00, 0.000000e+00, 2.600000e-01
5.139246e+00, 1.000000e+00, 1.000000e+00, 2.600000e-01, 2.600000e-01, -0.000000e+00, 0.000000e+00, 2.600000e-01
5.239246e+00, 1.000000e+00, 1.000000e+00, 2.600000e-01, 2.600000e-01, -0.000000e+00, 0.000000e+00, 2.600000e-01
5.339246e+00, 1.000000e+00, 1.000000e+00, 2.600000e-01, 2.600000e-01, -0.000000e+00, 0.000000e+00, 2.600000e-01
5.439246e+00, 1.000000e+00, 1.000000e+00, 2.600000e-01, 2.600000e-01, -0.000000e+00, 0.000000e+00, 2.600000e-01
5.539246e+00, 1.000000e+00, 1.000000e+00, 2.600000e-01, 2.600000e-01, -0.000000e+00, 0.000000e+00, 2.600000e-01
5.639246e+00, 1.000000e+00, 1.000000e+00, 2.600000e-01, 2.600000e-01, -0.000000e+00, 0.000000e+00, 2.600000e-01
5.739246e+00, 1.000000e+00, 1.000000e+00, 2.600000e-01, 2.600000e-01, -0.000000e+00, 0.000000e+00, 2.600000e-01
5.839246e+00, 1.000000e+00, 1.000000e+00, 2.600000e-01, 2.600000e-01, -0.000000e+00, 0.000000e+00, 2.600000e-01
5.939246e+00, 1.000000e+00, 1.000000e+00, 2.600000e-01, 2.600000e-01, -0.000000e+00, 0.000000e+00, 2.600000e-01
6.039246e+00, 1.000000e+00, 1.000000e+00, 2.600000e-01, 2.600000e-01, -0.000000e+00, 0.000000e+00, 2.600000e-01
6.139246e+00, 1.000000e+00, 1.000000e+00, 2.600000e-01, 2.600000e-01, -0.000000e+00, 0.000000e+00, 2.600000e-01
6.239246e+00, 1.000000e+00, 1.000000e+00, 2.600000e-01, 2.600000e-01, -0.000000e+00, 0.000000e+00, 2.600000e-01
6.339246e+00, 1.000000e+00, 1.000000e+00, 2.600000e-01, 2.600000e-01, -0.000000e+00, 0.000000e+00, 2.600000e-01
6.439246e+00, 1.000000e+00, 1.000000e+00, 2.600000e-01, 2.600000e-01, -0.000000e+00, 0.000000e+00, 2.600000e-01
6.539246e+00, 1.000000e+00, 1.000000e+00, 2.600000e-01, 2.600000e-01, -0.000000e+00, 0.000000e+00, 2.600000e-01
6.639246e+00, 1.000000e+00, 1.000000e+00, 2.600000e-01, 2.600000e-01, -0.000000e+00, 0.000000e+00, 2.600000e-01
6.739246e+00, 1.000000e+00, 1.000000e+00, 2.600000e-01, 2.600000e-01, -0.000000e+00, 0.000000e+00, 2.600000e-01
6.839246e+00, 1.000000e+00, 1.000000e+00, 2.600000e-01, 2.600000e-01, -0.000000e+00, 0.000000e+00, 2.600000e-01
6.939246e+00, 1.000000e+00, 1.000000e+00, 2.600000e-01, 2.600000e-01, -0.000000e+00, 0.000000e+00, 2.600000e-01
7.039246e+00, 1.000000e+00, 1.000000e+00, 2.600000e-01, 2.600000e-01, -0.000000e+00, 0.000000e+00, 2.600000e-01
7.139246e+00, 1.000000e+00, 1.000000e+00, 2.600000e-01, 2.600000e-01, -0.000000e+00, 0.000000e+00, 2.600000e-01
7.239246e+00, 1.000000e+00, 1.000000e+00, 2.600000e-01, 2.600000e-01, -0.000000e+00, 0.000000e+00, 2.600000e-01
7.339246e+00, 1.000000e+00, 1.000000e+00, 2.600000e-01, 2.600000e-01, -0.000000e+00, 0.000000e+00, 2.600000e-01
7.439246e+00, 1.000000e+00, 1.000000e+00, 2.600000e-01, 2.600000e-01, -0.000000e+00, 0.000000e+00, 2.600000e-01
7.539246e+00, 1.000000e+00, 1.000000e+00, 2.600000e-01, 2.600000e-01, -0.000000e+00, 0.000000e+00, 2.600000e-01
7.639246e+00, 1.000000e+00, 1.000000e+00, 2.600000e-01, 2.600000e-01, -0.000000e+00, 0.000000e+00, 2.600000e-01
7.739246e+00, 1.000000e+00, 1.000000e+00, 2.600000e-01, 2.600000e-01, -0.000000e+00, 0.000000e+00, 2.600000e-01
7.839246e+00, 1.000000e+00, 1.000000e+00, 2.600000e-01, 2.600000e-01, -0.000000e+00, 0.000000e+00, 2.600000e-01
7.939246e+00, 1.000000e+00, 1.000000e+00, 2.600000e-01, 2.600000e-01, -0.000000e+00, 0.000000e+00, 2.600000e-01
8.039246e+00, 1.000000e+00, 1.000000e+00, 2.600000e-01, 2.600000e-01, -0.000000e+00, 0.000000e+00, 2.600000e-01
8.139246e+00, 1.000000e+00, 1.000000e+00, 2.600000e-01, 2.600000e-01, -0.000000e+00, 0.000000e+00, 2.600000e-01
8.239246e+00, 1.000000e+00, 1.000000e+00, 2.600000e-01, 2.600000e-01, -0.000000e+00, 0.000000e+00, 2.600000e-01
8.339246e+00, 1.000000e+00, 1.000000e+00, 2.600000e-01, 2.600000e-01, -0.000000e+00, 0.000000e+00, 2.600000e-01
8.439246e+00, 1.000000e+00, 1.000000e+00, 2.600000e-01, 2.600000e-01, -0.000000e+00, 0.000000e+00, 2.600000e-01
8.539246e+00, 1.000000e+00, 1.000000e+00, 2.600000e-01, 2.600000e-01, -0.000000e+00, 0.000000e+00, 2.600000e-01
8.639246e+00, 1.000000e+00, 1.000000e+00, 2.600000e-01, 2.600000e-01, -0.000000e+00, 0.000000e+00, 2.600000e-01
8.739246e+00, 1.000000e+00, 1.000000e+00, 2.600000e-01, 2.600000e-01, -0.000000e+00, 0.000000e+00, 2.600000e-01
8.839246e+00, 1.000000e+00, 1.000000e+00, 2.600000e-01, 2.600000e-01, -0.000000e+00, 0.000000e+00, 2.600000e-01
8.939246e+00, 1.000000e+00, 1.000000e+00, 2.600000e-01, 2.600000e-01, -0.000000e+00, 0.000000e+00, 2.600000e-01
9.039246e+00, 1.000000e+00, 1.000000e+00, 2.600000e-01, 2.600000e-01, -0.000000e+00, 0.000000e+00, 2.600000e-01
9.139246e+00, 1.000000e+00, 1.000000e+00, 2.600000e-01, 2.600000e-01, -0.000000e+00, 0.000000e+00, 2.600000e-01
9.239246e+00, 1.000000e+00, 1.000000e+00, 2.600000e-01, 2.600000e-01, -0.000000e+00, 0.000000e+00, 2.600000e-01
9.339246e+00, 1.000000e+00, 1.000000e+00, 2.600000e-01, 2.600000e-01, -0.000000e+00, 0.000000e+00, 2.600000e-01
9.439246e+00, 1.000000e+00, 1.000000e+00, 2.600000e-01, 2.600000e-01, -0.000000e+00, 0.000000e+00, 2.600000e-01
9.539246e+00, 1.000000e+00, 1.000000e+00, 2.600000e-01, 2.600000e-01, -0.000000e+00, 0.000000e+00, 2.600000e-01
9.639246e+00, 1.000000e+00, 1.000000e+00, 2.600000e-01, 2.600000e-01, -0.000000e+00, 0.000000e+00, 2.600000e-01
9.739246e+00, 1.000000e+00, 1.000000e+00, 2.600000e-01, 2.600000e-01, -0.000000e+00, 0.000000e+00, 2.600000e-01
9.839246e+00, 1.000000e+00, 1.000000e+00, 2.600000e-01, 2.600000e-01, -0.000000e+00, 0.000000e+00, 2.600000e-01
9.939246e+00, 1.000000e+00, 1.000000e+00, 2.600000e-01, 2.600000e-01, -0.000000e+00, 0.000000e+00, 2.600000e-01
1.000000e+01, 1.000000e+00, 1.000000e+00, 2.600000e-01, 2.600000e-01, -0.000000e+00, 0.000000e+00, 2.600000e-01
1.000000e+01, 1.000000e+00, 1.000000e+00, 3.800000e-01, 2.600000e-01, 1.200000e-01, 0.000000e+00, 2.600000e-01
1.000000e+01, 1.000000e+00, 1.000000e+00, 3.800000e-01, 2.600000e-01, 1.200000e-01, 0.000000e+00, 2.600000e-01
1.010000e+01, 9.993998e-01, 9.988000e-01, 3.800000e-01, 2.600099e-01, 1.199901e-01, 9.934591e-06, 2.600000e-01
1.018308e+01, 9.989012e-01, 9.978035e-01, 3.800000e-01, 2.601222e-01, 1.198778e-01, 1.221709e-04, 2.600000e-01
1.025151e+01, 9.984908e-01, 9.969839e-01, 3.800000e-01, 2.603509e-01, 1.196491e-01, 3.509482e-04, 2.600000e-01
1.035151e+01, 9.978928e-01, 9.957901e-01, 3.800000e-01, 2.609508e-01, 1.190492e-01, 9.507643e-04, 2.600000e-01
1.045151e+01, 9.972983e-01, 9.946040e-01, 3.800000e-01, 2.618770e-01, 1.181230e-01, 1.877029e-03, 2.600000e-01
1.055151e+01, 9.967089e-01, 9.934287e-01, 3.800000e-01, 2.631209e-01, 1.168791e-01, 3.120906e-03, 2.600000e-01
1.065151e+01, 9.961262e-01, 9.922674e-01, 3.800000e-01, 2.646646e-01, 1.153354e-01, 4.664602e-03, 2.600000e-01
1.075151e+01, 9.955516e-01, 9.911229e-01, 3.800000e-01, 2.664873e-01, 1.135127e-01, 6.487317e-03, 2.600000e-01
1.085151e+01, 9.949864e-01, 9.899980e-01, 3.800000e-01, 2.685675e-01, 1.114325e-01, 8.567451e-03, 2.600000e-01
1.095151e+01, 9.944320e-01, 9.888951e-01, 3.800000e-01, 2.708834e-01, 1.091166e-01, 1.088343e-02, 2.600000e-01
1.105151e+01, 9.938895e-01, 9.878164e-01, 3.800000e-01, 2.734140e-01, 1.065860e-01, 1.341405e-02, 2.600000e-01
1.115151e+01, 9.933599e-01, 9.867640e-01, 3.800000e-01, 2.761386e-01, 1.038614e-01, 1.613859e-02, 2.600000e-01
1.125151e+01, 9.928443e-01, 9.857397e-01, 3.800000e-01, 2.790369e-01, 1.009631e-01, 1.903693e-02, 2.600000e-01
1.135151e+01, 9.923433e-01, 9.847452e-01, 3.800000e-01, 2.820895e-01, 9.791047e-02, 2.208953e-02, 2.600000e-01
1.145151e+01, 9.918578e-01, 9.837820e-01, 3.800000e-01, 2.852775e-01, 9.472248e-02, 2.527752e-02, 2.600000e-01
1.155151e+01, 9.913885e-01, 9.828512e-01, 3.800000e-01, 2.885827e-01, 9.141730e-02, 2.858270e-02, 2.600000e-01
1.165151e+01, 9.909359e-01, 9.819540e-01, 3.800000e-01, 2.919875e-01, 8.801245e-02, 3.198755e-02, 2.600000e-01
1.175151e+01, 9.905005e-01, 9.810912e-01, 3.800000e-01, 2.954752e-01, 8.452475e-02, 3.547525e-02, 2.600000e-01
1.185151e+01, 9.900827e-01, 9.802637e-01, 3.800000e-01, 2.990297e-01, 8.097030e-02, 3.902970e-02, 2.600000e-01
1.195151e+01, 9.896828e-01, 9.794720e-01, 3.800000e-01, 3.026355e-01, 7.736447e-02, 4.263553e-02, 2.600000e-01
1.205151e+01, 9.893010e-01, 9.787165e-01, 3.800000e-01, 3.062781e-01, 7.372189e-02, 4.627811e-02, 2.600000e-01
1.215151e+01, 9.889376e-01, 9.779976e-01, 3.800000e-01, 3.099435e-01, 7.005648e-02, 4.994352e-02, 2.600000e-01
1.225151e+01, 9.885926e-01, 9.773154e-01, 3.800000e-01, 3.136186e-01, 6.638139e-02, 5.361861e-02, 2.600000e-01
1.235151e+01, 9.882661e-01, 9.766700e-01, 3.800000e-01, 3.172909e-01, 6.270906e-02, 5.729094e-02, 2.600000e-01
1.245151e+01, 9.879581e-01, 9.760612e-01, 3.800000e-01, 3.209488e-01, 5.905117e-02, 6.094883e-02, 2.600000e-01
1.255151e+01, 9.876684e-01, 9.754889e-01, 3.800000e-01, 3.245813e-01, 5.541869e-02, 6.458131e-02, 2.600000e-01
1.265151e+01, 9.873969e-01, 9.749527e-01, 3.800000e-01, 3.281781e-01, 5.182186e-02, 6.817814e-02, 2.600000e-01
1.275151e+01, 9.871435e-01, 9.744523e-01, 3.800000e-01, 3.317298e-01, 4.827020e-02, 7.172980e-02, 2.600000e-01
1.285151e+01, 9.869079e-01, 9.739871e-01, 3.800000e-01, 3.352275e-01, 4.477254e-02, 7.522746e-02, 2.600000e-01
1.295151e+01, 9.866897e-01, 9.735566e-01, 3.800000e-01, 3.386630e-01, 4.133701e-02, 7.866299e-02, 2.600000e-01
1.305151e+01, 9.864888e-01, 9.731601e-01, 3.800000e-01, 3.420289e-01, 3.797107e-02, 8.202893e-02, 2.600000e-01
1.315151e+01, 9.863047e-01, 9.727969e-01, 3.800000e-01, 3.453185e-01, 3.468150e-02, 8.531850e-02, 2.600000e-01
1.325151e+01, 9.861370e-01, 9.724662e-01, 3.800000e-01, 3.485255e-01, 3.147446e-02, 8.852554e-02, 2.600000e-01
1.335151e+01, 9.859854e-01, 9.721672e-01, 3.800000e-01, 3.516445e-01, 2.835547e-02, 9.164453e-02, 2.600000e-01
1.345151e+01, 9.858493e-01, 9.718988e-01, 3.800000e-01, 3.546706e-01, 2.532944e-02, 9.467056e-02, 2.600000e-01
1.355151e+01, 9.857283e-01, 9.716602e-01, 3.800000e-01, 3.575993e-01, 2.240069e-02, 9.759931e-02, 2.600000e-01
1.365151e+01, 9.856219e-01, 9.714505e-01, 3.800000e-01, 3.604270e-01, 1.957298e-02, 1.004270e-01, 2.600000e-01
1.375151e+01, 9.855295e-01, 9.712684e-01, 3.800000e-01, 3.631505e-01, 1.684951e-02, 1.031505e-01, 2.600000e-01
1.385151e+01, 9.854507e-01, 9.711131e-01, 3.800000e-01, 3.657670e-01, 1.423296e-02, 1.057670e-01, 2.600000e-01
1.395151e+01, 9.853849e-01, 9.709834e-01, 3.800000e-01, 3.682745e-01, 1.172549e-02, 1.082745e-01, 2.600000e-01
1.405151e+01, 9.853315e-01, 9.708782e-01, 3.800000e-01, 3.706712e-01, 9.328811e-03, 1.106712e-01, 2.600000e-01
1.415151e+01, 9.852900e-01, 9.707965e-01, 3.800000e-01, 3.729559e-01, 7.044140e-03, 1.129559e-01, 2.600000e-01
1.425151e+01, 9.852598e-01, 9.707370e-01, 3.800000e-01, 3.751277e-01, 4.872273e-03, 1.151277e-01, 2.600000e-01
1.435151e+01, 9.852404e-01, 9.706986e-01, 3.800000e-01, 3.771864e-01, 2.813592e-03, 1.171864e-01, 2.600000e-01
1.445151e+01, 9.852311e-01, 9.706803e-01, 3.800000e-01, 3.791319e-01, 8.680839e-04, 1.191319e-01, 2.600000e-01
1.455151e+01, 9.852314e-01, 9.706809e-01, 3.800000e-01, 3.809646e-01, -9.646294e-04, 1.209646e-01, 2.600000e-01
1.465151e+01, 9.852407e-01, 9.706992e-01, 3.800000e-01, 3.826853e-01, -2.685272e-03, 1.226853e-01, 2.600000e-01
1.475151e+01, 9.852585e-01, 9.707342e-01, 3.800000e-01, 3.842949e-01, -4.294891e-03, 1.242949e-01, 2.600000e-01
1.485151e+01, 9.852841e-01, 9.707848e-01, 3.800000e-01, 3.857948e-01, -5.794833e-03, 1.257948e-01, 2.600000e-01
1.495151e+01, 9.853171e-01, 9.708498e-01, 3.800000e-01, 3.871867e-01, -7.186721e-03, 1.271867e-01, 2.600000e-01
1.505151e+01, 9.853569e-01, 9.709282e-01, 3.800000e-01, 3.884724e-01, -8.472438e-03, 1.284724e-01, 2.600000e-01
1.515151e+01, 9.854029e-01, 9.710189e-01, 3.800000e-01, 3.896541e-01, -9.654099e-03, 1.296541e-01, 2.600000e-01
1.525151e+01, 9.854547e-01, 9.711209e-01, 3.800000e-01, 3.907340e-01, -1.073403e-02, 1.307340e-01, 2.600000e-01
1.535151e+01, 9.855117e-01, 9.712332e-01, 3.800000e-01, 3.917148e-01, -1.171477e-02, 1.317148e-01, 2.600000e-01
1.545151e+01, 9.855734e-01, 9.713549e-01, 3.800000e-01, 3.925990e-01, -1.259899e-02, 1.325990e-01, 2.600000e-01
1.555151e+01, 9.856393e-01, 9.714849e-01, 3.800000e-01, 3.933896e-01, -1.338957e-02, 1.333896e-01, 2.600000e-01
1.565151e+01, 9.857091e-01, 9.716224e-01, 3.800000e-01, 3.940895e-01, -1.408949e-02, 1.340895e-01, 2.600000e-01
1.575151e+01, 9.857821e-01, 9.717664e-01, 3.800000e-01, 3.947018e-01, -1.470185e-02, 1.347018e-01, 2.600000e-01
1.585151e+01, 9.858581e-01, 9.719161e-01, 3.800000e-01, 3.952299e-01, -1.522987e-02, 1.352299e-01, 2.600000e-01
1.595151e+01, 9.859365e-01, 9.720707e-01, 3.800000e-01, 3.956768e-01, -1.567684e-02, 1.356768e-01, 2.600000e-01
1.605151e+01, 9.860169e-01, 9.722294e-01, 3.800000e-01, 3.960461e-01, -1.604612e-02, 1.360461e-01, 2.600000e-01
1.615151e+01, 9.860991e-01, 9.723914e-01, 3.800000e-01, 3.963411e-01, -1.634113e-02, 1.363411e-01, 2.600000e-01
1.625151e+01, 9.861825e-01, 9.725560e-01, 3.800000e-01, 3.965653e-01, -1.656533e-02, 1.365653e-01, 2.600000e-01
1.635151e+01, 9.862669e-01, 9.727225e-01, 3.800000e-01, 3.967222e-01, -1.672220e-02, 1.367222e-01, 2.600000e-01
1.645151e+01, 9.863520e-01, 9.728902e-01, 3.800000e-01, 3.968152e-01, -1.681524e-02, 1.368152e-01, 2.600000e-01
1.655151e+01, 9.864373e-01, 9.730586e-01, 3.800000e-01, 3.968479e-01, -1.684793e-02, 1.368479e-01, 2.600000e-01
1.665151e+01, 9.865227e-01, 9.732270e-01, 3.800000e-01, 3.968238e-01, -1.682377e-02, 1.368238e-01, 2.600000e-01
1.675151e+01, 9.866078e-01, 9.733949e-01, 3.800000e-01, 3.967462e-01, -1.674621e-02, 1.367462e-01, 2.600000e-01
1.685151e+01, 9.866923e-01, 9.735617e-01, 3.800000e-01, 3.966187e-01, -1.661870e-02, 1.366187e-01, 2.600000e-01
1.695151e+01, 9.867761e-01, 9.737271e-01, 3.800000e-01, 3.964446e-01, -1.644461e-02, 1.364446e-01, 2.600000e-01
1.705151e+01, 9.868589e-01, 9.738905e-01, 3.800000e-01, 3.962273e-01, -1.622729e-02, 1.362273e-01, 2.600000e-01
1.715151e+01, 9.869405e-01, 9.740515e-01, 3.800000e-01, 3.959700e-01, -1.597002e-02, 1.359700e-01, 2.600000e-01
1.725151e+01, 9.870206e-01, 9.742098e-01, 3.800000e-01, 3.956760e-01, -1.567602e-02, 1.356760e-01, 2.600000e-01
1.735151e+01, 9.870992e-01, 9.743649e-01, 3.800000e-01, 3.953484e-01, -1.534843e-02, 1.353484e-01, 2.600000e-01
1.745151e+01, 9.871761e-01, 9.745166e-01, 3.800000e-01, 3.949903e-01, -1.499032e-02, 1.349903e-01, 2.600000e-01
1.755151e+01, 9.872510e-01, 9.746646e-01, 3.800000e-01, 3.946047e-01, -1.460468e-02, 1.346047e-01, 2.600000e-01
1.765151e+01, 9.873240e-01, 9.748086e-01, 3.800000e-01, 3.941944e-01, -1.419440e-02, 1.341944e-01, 2.600000e-01
1.775151e+01, 9.873948e-01, 9.749484e-01, 3.800000e-01, 3.937623e-01, -1.376229e-02, 1.337623e-01, 2.600000e-01
1.785151e+01, 9.874633e-01, 9.750838e-01, 3.800000e-01, 3.933111e-01, -1.331105e-02, 1.333111e-01, 2.600000e-01
1.795151e+01, 9.875295e-01, 9.752146e-01, 3.800000e-01, 3.928433e-01, -1.284330e-02, 1.328433e-01, 2.600000e-01
1.805151e+01, 9.875934e-01, 9.753406e-01, 3.800000e-01, 3.923615e-01, -1.236154e-02, 1.323615e-01, 2.600000e-01
1.815151e+01, 9.876547e-01, 9.754618e-01, 3.800000e-01, 3.918682e-01, -1.186817e-02, 1.318682e-01, 2.600000e-01
1.825151e+01, 9.877135e-01, 9.755780e-01, 3.800000e-01, 3.913655e-01, -1.136550e-02, 1.313655e-01, 2.600000e-01
1.835151e+01, 9.877698e-01, 9.756891e-01, 3.800000e-01, 3.908557e-01, -1.085572e-02, 1.308557e-01, 2.600000e-01
1.845151e+01, 9.878234e-01, 9.757951e-01, 3.800000e-01, 3.903409e-01, -1.034090e-02, 1.303409e-01, 2.600000e-01
1.855151e+01, 9.878744e-01, 9.758959e-01, 3.800000e-01, 3.898230e-01, -9.823038e-03, 1.298230e-01, 2.600000e-01
1.865151e+01, 9.879228e-01, 9.759915e-01, 3.800000e-01, 3.893040e-01, -9.303990e-03, 1.293040e-01, 2.600000e-01
1.875151e+01, 9.879686e-01, 9.760820e-01, 3.800000e-01, 3.887855e-01, -8.785519e-03, 1.287855e-01, 2.600000e-01
1.885151e+01, 9.880118e-01, 9.761672e-01, 3.800000e-01, 3.882693e-01, -8.269280e-03, 1.282693e-01, 2.600000e-01
1.895151e+01, 9.880523e-01, 9.762474e-01, 3.800000e-01, 3.877568e-01, -7.756823e-03, 1.277568e-01, 2.600000e-01
1.905151e+01, 9.880903e-01, 9.763224e-01, 3.800000e-01, 3.872496e-01, -7.249590e-03, 1.272496e-01, 2.600000e-01
1.915151e+01, 9.881257e-01, 9.763924e-01, 3.800000e-01, 3.867489e-01, -6.748923e-03, 1.267489e-01, 2.600000e-01
1.925151e+01, 9.881586e-01, 9.764574e-01, 3.800000e-01, 3.862561e-01, -6.256061e-03, 1.262561e-01, 2.600000e-01
1.935151e+01, 9.881890e-01, 9.765175e-01, 3.800000e-01, 3.857721e-01, -5.772145e-03, 1.257721e-01, 2.600000e-01
1.945151e+01, 9.882170e-01, 9.765729e-01, 3.800000e-01, 3.852982e-01, -5.298219e-03, 1.252982e-01, 2.600000e-01
1.955151e+01, 9.882427e-01, 9.766235e-01, 3.800000e-01, 3.848352e-01, -4.835230e-03, 1.248352e-01, 2.600000e-01
1.965151e+01, 9.882660e-01, 9.766696e-01, 3.800000e-01, 3.843840e-01, -4.384035e-03, 1.243840e-01, 2.600000e-01
1.975151e+01, 9.882870e-01, 9.767113e-01, 3.800000e-01, 3.839454e-01, -3.945401e-03, 1.239454e-01, 2.600000e-01
1.985151e+01, 9.883059e-01, 9.767486e-01, 3.800000e-01, 3.835200e-01, -3.520010e-03, 1.235200e-01, 2.600000e-01
1.995151e+01, 9.883227e-01, 9.767817e-01, 3.800000e-01, 3.831085e-01, -3.108457e-03, 1.231085e-01, 2.600000e-01
2.005151e+01, 9.883374e-01, 9.768108e-01, 3.800000e-01, 3.827113e-01, -2.711259e-03, 1.227113e-01, 2.600000e-01
2.015151e+01, 9.883501e-01, 9.768360e-01, 3.800000e-01, 3.823289e-01, -2.328854e-03, 1.223289e-01, 2.600000e-01
2.025151e+01, 9.883610e-01, 9.768574e-01, 3.800000e-01, 3.819616e-01, -1.961608e-03, 1.219616e-01, 2.600000e-01
2.035151e+01, 9.883700e-01, 9.768753e-01, 3.800000e-01, 3.816098e-01, -1.609814e-03, 1.216098e-01, 2.600000e-01
2.045151e+01, 9.883773e-01, 9.768897e-01, 3.800000e-01, 3.812737e-01, -1.273698e-03, 1.212737e-01, 2.600000e-01
2.055151e+01, 9.883829e-01, 9.769008e-01, 3.800000e-01, 3.809534e-01, -9.534200e-04, 1.209534e-01, 2.600000e-01
2.065151e+01, 9.883870e-01, 9.769088e-01, 3.800000e-01, 3.806491e-01, -6.490813e-04, 1.206491e-01, 2.600000e-01
2.075151e+01, 9.883895e-01, 9.769138e-01, 3.800000e-01, 3.803607e-01, -3.607240e-04, 1.203607e-01, 2.600000e-01
2.085151e+01, 9.883906e-01, 9.769161e-01, 3.800000e-01, 3.800883e-01, -8.833583e-05, 1.200883e-01, 2.600000e-01
2.095151e+01, 9.883904e-01, 9.769156e-01, 3.800000e-01, 3.798319e-01, 1.681465e-04, 1.198319e-01, 2.600000e-01
2.105151e+01, 9.883890e-01, 9.769127e-01, 3.800000e-01, 3.795912e-01, 4.088345e-04, 1.195912e-01, 2.600000e-01
2.115151e+01, 9.883863e-01, 9.769075e-01, 3.800000e-01, 3.793661e-01, 6.338841e-04, 1.193661e-01, 2.600000e-01
2.125151e+01, 9.883826e-01, 9.769001e-01, 3.800000e-01, 3.791565e-01, 8.434932e-04, 1.191565e-01, 2.600000e-01
2.135151e+01, 9.883778e-01, 9.768907e-01, 3.800000e-01, 3.789621e-01, 1.037898e-03, 1.189621e-01, 2.600000e-01
2.145151e+01, 9.883721e-01, 9.768794e-01, 3.800000e-01, 3.787826e-01, 1.217370e-03, 1.187826e-01, 2.600000e-01
2.155151e+01, 9.883655e-01, 9.768664e-01, 3.800000e-01, 3.786178e-01, 1.382213e-03, 1.186178e-01, 2.600000e-01
2.165151e+01, 9.883581e-01, 9.768518e-01, 3.800000e-01, 3.784672e-01, 1.532760e-03, 1.184672e-01, 2.600000e-01
2.175151e+01, 9.883500e-01, 9.768358e-01, 3.800000e-01, 3.783306e-01, 1.669373e-03, 1.183306e-01, 2.600000e-01
2.185151e+01, 9.883413e-01, 9.768185e-01, 3.800000e-01, 3.782076e-01, 1.792434e-03, 1.182076e-01, 2.600000e-01
2.195151e+01, 9.883319e-01, 9.768000e-01, 3.800000e-01, 3.780977e-01, 1.902350e-03, 1.180977e-01, 2.600000e-01
2.205151e+01, 9.883220e-01, 9.767805e-01, 3.800000e-01, 3.780005e-01, 1.999543e-03, 1.180005e-01, 2.600000e-01
2.215151e+01, 9.883117e-01, 9.767600e-01, 3.800000e-01, 3.779155e-01, 2.084455e-03, 1.179155e-01, 2.600000e-01
2.225151e+01, 9.883010e-01, 9.767388e-01, 3.800000e-01, 3.778425e-01, 2.157539e-03, 1.178425e-01, 2.600000e-01
2.235151e+01, 9.882899e-01, 9.767169e-01, 3.800000e-01, 3.777807e-01, 2.219260e-03, 1.177807e-01, 2.600000e-01
2.245151e+01, 9.882785e-01, 9.766945e-01, 3.800000e-01, 3.777299e-01, 2.270094e-03, 1.177299e-01, 2.600000e-01
2.255151e+01, 9.882669e-01, 9.766716e-01, 3.800000e-01, 3.776895e-01, 2.310521e-03, 1.176895e-01, 2.600000e-01
2.265151e+01, 9.882552e-01, 9.766483e-01, 3.800000e-01, 3.776590e-01, 2.341029e-03, 1.176590e-01, 2.600000e-01
2.275151e+01, 9.882433e-01, 9.766248e-01, 3.800000e-01, 3.776379e-01, 2.362109e-03, 1.176379e-01, 2.600000e-01
2.285151e+01, 9.882313e-01, 9.766011e-01, 3.800000e-01, 3.776257e-01, 2.374252e-03, 1.176257e-01, 2.600000e-01
2.295151e+01, 9.882193e-01, 9.765773e-01, 3.800000e-01, 3.776221e-01, 2.377950e-03, 1.176221e-01, 2.600000e-01
2.305151e+01, 9.882072e-01, 9.765536e-01, 3.800000e-01, 3.776263e-01, 2.373692e-03, 1.176263e-01, 2.600000e-01
2.315151e+01, 9.881953e-01, 9.765299e-01, 3.800000e-01, 3.776380e-01, 2.361966e-03, 1.176380e-01, 2.600000e-01
2.325151e+01, 9.881834e-01, 9.765063e-01, 3.800000e-01, 3.776567e-01, 2.343254e-03, 1.176567e-01, 2.600000e-01
2.335151e+01, 9.881716e-01, 9.764830e-01, 3.800000e-01, 3.776820e-01, 2.318031e-03, 1.176820e-01, 2.600000e-01
2.345151e+01, 9.881599e-01, 9.764600e-01, 3.800000e-01, 3.777132e-01, 2.286767e-03, 1.177132e-01, 2.600000e-01
2.355151e+01, 9.881484e-01, 9.764373e-01, 3.800000e-01, 3.777501e-01, 2.249922e-03, 1.177501e-01, 2.600000e-01
2.365151e+01, 9.881371e-01, 9.764150e-01, 3.800000e-01, 3.777921e-01, 2.207948e-03, 1.177921e-01, 2.600000e-01
2.375151e+01, 9.881261e-01, 9.763932e-01, 3.800000e-01, 3.778387e-01, 2.161287e-03, 1.178387e-01, 2.600000e-01
2.385151e+01, 9.881153e-01, 9.763718e-01, 3.800000e-01, 3.778896e-01, 2.110368e-03, 1.178896e-01, 2.600000e-01
2.395151e+01, 9.881047e-01, 9.763510e-01, 3.800000e-01, 3.779444e-01, 2.055610e-03, 1.179444e-01, 2.600000e-01
2.405151e+01, 9.880945e-01, 9.763307e-01, 3.800000e-01, 3.780026e-01, 1.997420e-03, 1.180026e-01, 2.600000e-01
2.415151e+01, 9.880845e-01, 9.763110e-01, 3.800000e-01, 3.780638e-01, 1.936191e-03, 1.180638e-01, 2.600000e-01
2.425151e+01, 9.880749e-01, 9.762920e-01, 3.800000e-01, 3.781277e-01, 1.872302e-03, 1.181277e-01, 2.600000e-01
2.435151e+01, 9.880656e-01, 9.762736e-01, 3.800000e-01, 3.781939e-01, 1.806120e-03, 1.181939e-01, 2.600000e-01
2.445151e+01, 9.880566e-01, 9.762559e-01, 3.800000e-01, 3.782620e-01, 1.737996e-03, 1.182620e-01, 2.600000e-01
2.455151e+01, 9.880480e-01, 9.762388e-01, 3.800000e-01, 3.783317e-01, 1.668268e-03, 1.183317e-01, 2.600000e-01
2.465151e+01, 9.880397e-01, 9.762225e-01, 3.800000e-01, 3.784027e-01, 1.597256e-03, 1.184027e-01, 2.600000e-01
2.475151e+01, 9.880318e-01, 9.762069e-01, 3.800000e-01, 3.784747e-01, 1.525270e-03, 1.184747e-01, 2.600000e-01
2.485151e+01, 9.880243e-01, 9.761920e-01, 3.800000e-01, 3.785474e-01, 1.452600e-03, 1.185474e-01, 2.600000e-01
2.495151e+01, 9.880171e-01, 9.761778e-01, 3.800000e-01, 3.786205e-01, 1.379524e-03, 1.186205e-01, 2.600000e-01
2.500000e+01, 9.880138e-01, 9.761712e-01, 3.800000e-01, 3.786560e-01, 1.344024e-03, 1.186560e-01, 2.600000e-01
2.500000e+01, 9.880138e-01, 9.761712e-01, 3.800000e-01, 3.786560e-01, 1.344024e-03, 1.186560e-01, 2.600000e-01
2.500000e+01, 9.880138e-01, 9.761712e-01, 3.800000e-01, 3.786560e-01, 1.344024e-03, 1.186560e-01, 2.600000e-01
2.510000e+01, 9.880079e-01, 9.761597e-01, 3.800000e-01, 3.790288e-01, 9.712027e-04, 1.187291e-01, 2.602997e-01
2.520000e+01, 9.880040e-01, 9.761518e-01, 3.800000e-01, 3.794010e-01, 5.989790e-04, 1.188014e-01, 2.605996e-01
2.530000e+01, 9.880019e-01, 9.761477e-01, 3.800000e-01, 3.797726e-01, 2.274398e-04, 1.188730e-01, 2.608995e-01
2.540000e+01, 9.880016e-01, 9.761473e-01, 3.800000e-01, 3.801421e-01, -1.420934e-04, 1.189426e-01, 2.611995e-01
2.550000e+01, 9.880033e-01, 9.761505e-01, 3.800000e-01, 3.805085e-01, -5.084746e-04, 1.190091e-01, 2.614994e-01
2.560000e+01, 9.880068e-01, 9.761574e-01, 3.800000e-01, 3.808706e-01, -8.706453e-04, 1.190713e-01, 2.617993e-01
2.570000e+01, 9.880121e-01, 9.761679e-01, 3.800000e-01, 3.812276e-01, -1.227625e-03, 1.191286e-01, 2.620991e-01
2.580000e+01, 9.880192e-01, 9.761819e-01, 3.800000e-01, 3.815785e-01, -1.578508e-03, 1.191798e-01, 2.623987e-01
2.590000e+01, 9.880281e-01, 9.761995e-01, 3.800000e-01, 3.819225e-01, -1.922460e-03, 1.192244e-01, 2.626981e-01
2.600000e+01, 9.880386e-01, 9.762204e-01, 3.800000e-01, 3.822587e-01, -2.258718e-03, 1.192615e-01, 2.629973e-01
2.610000e+01, 9.880509e-01, 9.762446e-01, 3.800000e-01, 3.825866e-01, -2.586587e-03, 1.192904e-01, 2.632961e-01
2.620000e+01, 9.880648e-01, 9.762721e-01, 3.800000e-01, 3.829054e-01, -2.905440e-03, 1.193107e-01, 2.635947e-01
2.630000e+01, 9.880803e-01, 9.763027e-01, 3.800000e-01, 3.832147e-01, -3.214714e-03, 1.193218e-01, 2.638929e-01
2.640000e+01, 9.880973e-01, 9.763363e-01, 3.800000e-01, 3.835139e-01, -3.513909e-03, 1.193232e-01, 2.641907e-01
2.650000e+01, 9.881158e-01, 9.763729e-01, 3.800000e-01, 3.838026e-01, -3.802588e-03, 1.193146e-01, 2.644880e-01
2.660000e+01, 9.881358e-01, 9.764123e-01, 3.800000e-01, 3.840804e-01, -4.080371e-03, 1.192955e-01, 2.647849e-01
2.670000e+01, 9.881571e-01, 9.764545e-01, 3.800000e-01, 3.843469e-01, -4.346937e-03, 1.192657e-01, 2.650812e-01
2.680000e+01, 9.881798e-01, 9.764992e-01, 3.800000e-01, 3.846020e-01, -4.602019e-03, 1.192250e-01, 2.653770e-01
2.690000e+01, 9.882037e-01, 9.765465e-01, 3.800000e-01, 3.848454e-01, -4.845403e-03, 1.191732e-01, 2.656722e-01
2.700000e+01, 9.882288e-01, 9.765961e-01, 3.800000e-01, 3.850769e-01, -5.076924e-03, 1.191101e-01, 2.659668e-01
2.710000e+01, 9.882550e-01, 9.766480e-01, 3.800000e-01, 3.852965e-01, -5.296467e-03, 1.190357e-01, 2.662608e-01
2.720000e+01, 9.882824e-01, 9.767020e-01, 3.800000e-01, 3.855040e-01, -5.503960e-03, 1.189499e-01, 2.665540e-01
2.730000e+01, 9.883107e-01, 9.767580e-01, 3.800000e-01, 3.856994e-01, -5.699376e-03, 1.188527e-01, 2.668466e-01
2.740000e+01, 9.883400e-01, 9.768160e-01, 3.800000e-01, 3.858827e-01, -5.882729e-03, 1.187442e-01, 2.671385e-01
2.750000e+01, 9.883702e-01, 9.768756e-01, 3.800000e-01, 3.860541e-01, -6.054070e-03, 1.186244e-01, 2.674296e-01
2.760000e+01, 9.884012e-01, 9.769370e-01, 3.800000e-01, 3.862135e-01, -6.213487e-03, 1.184935e-01, 2.677200e-01
2.770000e+01, 9.884330e-01, 9.769999e-01, 3.800000e-01, 3.863611e-01, -6.361103e-03, 1.183515e-01, 2.680096e-01
2.780000e+01, 9.884656e-01, 9.770642e-01, 3.800000e-01, 3.864971e-01, -6.497069e-03, 1.181987e-01, 2.682983e-01
2.790000e+01, 9.884988e-01, 9.771298e-01, 3.800000e-01, 3.866216e-01, -6.621568e-03, 1.180353e-01, 2.685863e-01
2.800000e+01, 9.885325e-01, 9.771966e-01, 3.800000e-01, 3.867348e-01, -6.734808e-03, 1.178614e-01, 2.688734e-01
2.810000e+01, 9.885669e-01, 9.772644e-01, 3.800000e-01, 3.868370e-01, -6.837025e-03, 1.176774e-01, 2.691596e-01
2.820000e+01, 9.886017e-01, 9.773333e-01, 3.800000e-01, 3.869285e-01, -6.928473e-03, 1.174834e-01, 2.694450e-01
2.830000e+01, 9.886369e-01, 9.774030e-01, 3.800000e-01, 3.870094e-01, -7.009429e-03, 1.172799e-01, 2.697296e-01
2.840000e+01, 9.886726e-01, 9.774734e-01, 3.800000e-01, 3.870802e-01, -7.080188e-03, 1.170670e-01, 2.700132e-01
2.850000e+01, 9.887085e-01, 9.775445e-01, 3.800000e-01, 3.871411e-01, -7.141062e-03, 1.168451e-01, 2.702959e-01
2.860000e+01, 9.887448e-01, 9.776162e-01, 3.800000e-01, 3.871924e-01, -7.192374e-03, 1.166146e-01, 2.705778e-01
2.870000e+01, 9.887813e-01, 9.776884e-01, 3.800000e-01, 3.872345e-01, -7.234464e-03, 1.163758e-01, 2.708587e-01
2.880000e+01, 9.888179e-01, 9.777609e-01, 3.800000e-01, 3.872677e-01, -7.267679e-03, 1.161290e-01, 2.711387e-01
2.890000e+01, 9.888547e-01, 9.778337e-01, 3.800000e-01, 3.872924e-01, -7.292378e-03, 1.158746e-01, 2.714178e-01
2.900000e+01, 9.888917e-01, 9.779067e-01, 3.800000e-01, 3.873089e-01, -7.308925e-03, 1.156130e-01, 2.716960e-01
2.910000e+01, 9.889286e-01, 9.779798e-01, 3.800000e-01, 3.873177e-01, -7.317690e-03, 1.153445e-01, 2.719732e-01
2.920000e+01, 9.889656e-01, 9.780530e-01, 3.800000e-01, 3.873190e-01, -7.319048e-03, 1.150695e-01, 2.722495e-01
2.930000e+01, 9.890026e-01, 9.781262e-01, 3.800000e-01, 3.873134e-01, -7.313377e-03, 1.147885e-01, 2.725249e-01
2.940000e+01, 9.890396e-01, 9.781993e-01, 3.800000e-01, 3.873011e-01, -7.301054e-03, 1.145017e-01, 2.727994e-01
2.950000e+01, 9.890764e-01, 9.782722e-01, 3.800000e-01, 3.872825e-01, -7.282459e-03, 1.142095e-01, 2.730729e-01
2.960000e+01, 9.891132e-01, 9.783449e-01, 3.800000e-01, 3.872580e-01, -7.257968e-03, 1.139124e-01, 2.733456e-01
2.970000e+01, 9.891498e-01, 9.784173e-01, 3.800000e-01, 3.872280e-01, -7.227957e-03, 1.136107e-01, 2.736173e-01
2.980000e+01, 9.891863e-01, 9.784894e-01, 3.800000e-01, 3.871928e-01, -7.192797e-03, 1.133047e-01, 2.738881e-01
2.990000e+01, 9.892225e-01, 9.785612e-01, 3.800000e-01, 3.871529e-01, -7.152854e-03, 1.129949e-01, 2.741580e-01
3.000000e+01, 9.892586e-01, 9.786325e-01, 3.800000e-01, 3.871085e-01, -7.108492e-03, 1.126815e-01, 2.744270e-01
3.010000e+01, 9.892944e-01, 9.787033e-01, 3.800000e-01, 3.870601e-01, -7.060064e-03, 1.123650e-01, 2.746951e-01
3.020000e+01, 9.893299e-01, 9.787737e-01, 3.800000e-01, 3.870079e-01, -7.007920e-03, 1.120457e-01, 2.749622e-01
3.030000e+01, 9.893652e-01, 9.788435e-01, 3.800000e-01, 3.869524e-01, -6.952399e-03, 1.117238e-01, 2.752286e-01
3.040000e+01, 9.894002e-01, 9.789127e-01, 3.800000e-01, 3.868938e-01, -6.893834e-03, 1.113998e-01, 2.754940e-01
3.050000e+01, 9.894349e-01, 9.789814e-01, 3.800000e-01, 3.868325e-01, -6.832548e-03, 1.110740e-01, 2.757586e-01
3.060000e+01, 9.894692e-01, 9.790494e-01, 3.800000e-01, 3.867689e-01, -6.768855e-03, 1.107466e-01, 2.760223e-01
3.070000e+01, 9.895033e-01, 9.791167e-01, 3.800000e-01, 3.867031e-01, -6.703057e-03, 1.104180e-01, 2.762851e-01
3.080000e+01, 9.895370e-01, 9.791834e-01, 3.800000e-01, 3.866354e-01, -6.635448e-03, 1.100884e-01, 2.765471e-01
3.090000e+01, 9.895703e-01, 9.792494e-01, 3.800000e-01, 3.865663e-01, -6.566310e-03, 1.097581e-01, 2.768082e-01
3.100000e+01, 9.896033e-01, 9.793147e-01, 3.800000e-01, 3.864959e-01, -6.495914e-03, 1.094273e-01, 2.770686e-01
3.110000e+01, 9.896360e-01, 9.793793e-01, 3.800000e-01, 3.864245e-01, -6.424520e-03, 1.090964e-01, 2.773281e-01
3.120000e+01, 9.896682e-01, 9.794432e-01, 3.800000e-01, 3.863524e-01, -6.352376e-03, 1.087656e-01, 2.775868e-01
3.130000e+01, 9.897001e-01, 9.795064e-01, 3.800000e-01, 3.862797e-01, -6.279718e-03, 1.084350e-01, 2.778447e-01
3.140000e+01, 9.897317e-01, 9.795688e-01, 3.800000e-01, 3.862068e-01, -6.206772e-03, 1.081050e-01, 2.781018e-01
3.150000e+01, 9.897629e-01, 9.796305e-01, 3.800000e-01, 3.861338e-01, -6.133751e-03, 1.077757e-01, 2.783581e-01
3.160000e+01, 9.897937e-01, 9.796915e-01, 3.800000e-01, 3.860609e-01, -6.060855e-03, 1.074472e-01, 2.786136e-01
3.170000e+01, 9.898241e-01, 9.797517e-01, 3.800000e-01, 3.859883e-01, -5.988275e-03, 1.071199e-01, 2.788684e-01
3.180000e+01, 9.898542e-01, 9.798113e-01, 3.800000e-01, 3.859162e-01, -5.916187e-03, 1.067938e-01, 2.791224e-01
3.190000e+01, 9.898839e-01, 9.798701e-01, 3.800000e-01, 3.858448e-01, -5.844757e-03, 1.064690e-01, 2.793757e-01
3.200000e+01, 9.899132e-01, 9.799282e-01, 3.800000e-01, 3.857741e-01, -5.774140e-03, 1.061459e-01, 2.796282e-01
3.210000e+01, 9.899422e-01, 9.799856e-01, 3.800000e-01, 3.857045e-01, -5.704479e-03, 1.058244e-01, 2.798801e-01
3.220000e+01, 9.899708e-01, 9.800423e-01, 3.800000e-01, 3.856359e-01, -5.635906e-03, 1.055048e-01, 2.801311e-01
3.230000e+01, 9.899991e-01, 9.800983e-01, 3.800000e-01, 3.855685e-01, -5.568542e-03, 1.051870e-01, 2.803815e-01
3.240000e+01, 9.900271e-01, 9.801536e-01, 3.800000e-01, 3.855025e-01, -5.502497e-03, 1.048713e-01, 2.806312e-01
3.250000e+01, 9.900547e-01, 9.802083e-01, 3.800000e-01, 3.854379e-01, -5.437870e-03, 1.045577e-01, 2.808802e-01
3.260000e+01, 9.900820e-01, 9.802624e-01, 3.800000e-01, 3.853748e-01, -5.374751e-03, 1.042463e-01, 2.811285e-01
3.270000e+01, 9.901090e-01, 9.803158e-01, 3.800000e-01, 3.853132e-01, -5.313221e-03, 1.039372e-01, 2.813761e-01
3.280000e+01, 9.901357e-01, 9.803687e-01, 3.800000e-01, 3.852533e-01, -5.253347e-03, 1.036303e-01, 2.816230e-01
3.290000e+01, 9.901621e-01, 9.804209e-01, 3.800000e-01, 3.851952e-01, -5.195193e-03, 1.033259e-01, 2.818693e-01
3.300000e+01, 9.901881e-01, 9.804726e-01, 3.800000e-01, 3.851388e-01, -5.138808e-03, 1.030239e-01, 2.821149e-01
3.310000e+01, 9.902140e-01, 9.805237e-01, 3.800000e-01, 3.850842e-01, -5.084237e-03, 1.027244e-01, 2.823599e-01
3.320000e+01, 9.902395e-01, 9.805743e-01, 3.800000e-01, 3.850315e-01, -5.031515e-03, 1.024273e-01, 2.826042e-01
3.330000e+01, 9.902648e-01, 9.806243e-01, 3.800000e-01, 3.849807e-01, -4.980668e-03, 1.021328e-01, 2.828479e-01
3.340000e+01, 9.902898e-01, 9.806739e-01, 3.800000e-01, 3.849317e-01, -4.931716e-03, 1.018407e-01, 2.830910e-01
3.350000e+01, 9.903146e-01, 9.807230e-01, 3.800000e-01, 3.848847e-01, -4.884672e-03, 1.015513e-01, 2.833334e-01
3.360000e+01, 9.903391e-01, 9.807716e-01, 3.800000e-01, 3.848395e-01, -4.839541e-03, 1.012643e-01, 2.835752e-01
3.370000e+01, 9.903634e-01, 9.808198e-01, 3.800000e-01, 3.847963e-01, -4.796322e-03, 1.009799e-01, 2.838165e-01
3.380000e+01, 9.903876e-01, 9.808675e-01, 3.800000e-01, 3.847550e-01, -4.755009e-03, 1.006979e-01, 2.840571e-01
3.390000e+01, 9.904115e-01, 9.809149e-01, 3.800000e-01, 3.847156e-01, -4.715589e-03, 1.004185e-01, 2.842971e-01
3.400000e+01, 9.904352e-01, 9.809618e-01, 3.800000e-01, 3.846780e-01, -4.678044e-03, 1.001415e-01, 2.845365e-01
3.410000e+01, 9.904587e-01, 9.810084e-01, 3.800000e-01, 3.846424e-01, -4.642351e-03, 9.986702e-02, 2.847753e-01
3.420000e+01, 9.904820e-01, 9.810547e-01, 3.800000e-01, 3.846085e-01, -4.608483e-03, 9.959491e-02, 2.850136e-01
3.430000e+01, 9.905052e-01, 9.811006e-01, 3.800000e-01, 3.845764e-01, -4.576409e-03, 9.932518e-02, 2.852512e-01
3.440000e+01, 9.905283e-01, 9.811462e-01, 3.800000e-01, 3.845461e-01, -4.546093e-03, 9.905778e-02, 2.854883e-01
3.450000e+01, 9.905511e-01, 9.811915e-01, 3.800000e-01, 3.845175e-01, -4.517495e-03, 9.879268e-02, 2.857248e-01
3.460000e+01, 9.905739e-01, 9.812366e-01, 3.800000e-01, 3.844906e-01, -4.490574e-03, 9.852982e-02, 2.859608e-01
3.470000e+01, 9.905965e-01, 9.812814e-01, 3.800000e-01, 3.844653e-01, -4.465284e-03, 9.826916e-02, 2.861961e-01
3.480000e+01, 9.906189e-01, 9.813259e-01, 3.800000e-01, 3.844416e-01, -4.441578e-03, 9.801064e-02, 2.864309e-01
3.490000e+01, 9.906413e-01, 9.813702e-01, 3.800000e-01, 3.844194e-01, -4.419405e-03, 9.775422e-02, 2.866652e-01
3.500000e+01, 9.906636e-01, 9.814143e-01, 3.800000e-01, 3.843987e-01, -4.398713e-03, 9.749984e-02, 2.868989e-01
3.510000e+01, 9.906857e-01, 9.814582e-01, 3.800000e-01, 3.843794e-01, -4.379449e-03, 9.724745e-02, 2.871320e-01
3.520000e+01, 9.907078e-01, 9.815019e-01, 3.800000e-01, 3.843616e-01, -4.361556e-03, 9.699697e-02, 2.873646e-01
3.530000e+01, 9.907297e-01, 9.815454e-01, 3.800000e-01, 3.843450e-01, -4.344980e-03, 9.674836e-02, 2.875966e-01
3.540000e+01, 9.907516e-01, 9.815888e-01, 3.800000e-01, 3.843297e-01, -4.329661e-03, 9.650156e-02, 2.878281e-01
3.550000e+01, 9.907734e-01, 9.816320e-01, 3.800000e-01, 3.843155e-01, -4.315543e-03, 9.625651e-02, 2.880590e-01
3.560000e+01, 9.907952e-01, 9.816751e-01, 3.800000e-01, 3.843026e-01, -4.302566e-03, 9.601314e-02, 2.882894e-01
3.570000e+01, 9.908169e-01, 9.817181e-01, 3.800000e-01, 3.842907e-01, -4.290672e-03, 9.577139e-02, 2.885193e-01
3.580000e+01, 9.908385e-01, 9.817609e-01, 3.800000e-01, 3.842798e-01, -4.279801e-03, 9.553122e-02, 2.887486e-01
3.590000e+01, 9.908601e-01, 9.818037e-01, 3.800000e-01, 3.842699e-01, -4.269896e-03, 9.529254e-02, 2.889774e-01
3.600000e+01, 9.908816e-01, 9.818463e-01, 3.800000e-01, 3.842609e-01, -4.260898e-03, 9.505532e-02, 2.892056e-01
3.610000e+01, 9.909031e-01, 9.818889e-01, 3.800000e-01, 3.842527e-01, -4.252748e-03, 9.481947e-02, 2.894333e-01
3.620000e+01, 9.909245e-01, 9.819314e-01, 3.800000e-01, 3.842454e-01, -4.245390e-03, 9.458496e-02, 2.896604e-01
3.630000e+01, 9.909459e-01, 9.819738e-01, 3.800000e-01, 3.842388e-01, -4.238767e-03, 9.435172e-02, 2.898870e-01
3.640000e+01, 9.909673e-01, 9.820161e-01, 3.800000e-01, 3.842328e-01, -4.232824e-03, 9.411969e-02, 2.901131e-01
3.650000e+01, 9.909886e-01, 9.820584e-01, 3.800000e-01, 3.842275e-01, -4.227506e-03, 9.388882e-02, 2.903387e-01
3.660000e+01, 9.910099e-01, 9.821007e-01, 3.800000e-01, 3.842228e-01, -4.222759e-03, 9.365905e-02, 2.905637e-01
3.670000e+01, 9.910312e-01, 9.821429e-01, 3.800000e-01, 3.842185e-01, -4.218533e-03, 9.343034e-02, 2.907882e-01
3.680000e+01, 9.910525e-01, 9.821851e-01, 3.800000e-01, 3.842148e-01, -4.214776e-03, 9.320263e-02, 2.910121e-01
3.690000e+01, 9.910738e-01, 9.822272e-01, 3.800000e-01, 3.842114e-01, -4.211439e-03, 9.297587e-02, 2.912356e-01
3.700000e+01, 9.910950e-01, 9.822693e-01, 3.800000e-01, 3.842085e-01, -4.208474e-03, 9.275002e-02, 2.914585e-01
3.710000e+01, 9.911162e-01, 9.823114e-01, 3.800000e-01, 3.842058e-01, -4.205836e-03, 9.252502e-02, 2.916808e-01
3.720000e+01, 9.911374e-01, 9.823534e-01, 3.800000e-01, 3.842035e-01, -4.203480e-03, 9.230084e-02, 2.919026e-01
3.730000e+01, 9.911586e-01, 9.823954e-01, 3.800000e-01, 3.842014e-01, -4.201364e-03, 9.207742e-02, 2.921239e-01
3.740000e+01, 9.911798e-01, 9.824374e-01, 3.800000e-01, 3.841994e-01, -4.199446e-03, 9.185473e-02, 2.923447e-01
3.750000e+01, 9.912010e-01, 9.824794e-01, 3.800000e-01, 3.841977e-01, -4.197688e-03, 9.163274e-02, 2.925650e-01
3.760000e+01, 9.912222e-01, 9.825214e-01, 3.800000e-01, 3.841961e-01, -4.196052e-03, 9.141139e-02, 2.927847e-01
3.770000e+01, 9.912433e-01, 9.825633e-01, 3.800000e-01, 3.841945e-01, -4.194503e-03, 9.119066e-02, 2.930038e-01
3.780000e+01, 9.912645e-01, 9.826053e-01, 3.800000e-01, 3.841930e-01, -4.193007e-03, 9.097051e-02, 2.932225e-01
3.790000e+01, 9.912856e-01, 9.826472e-01, 3.800000e-01, 3.841915e-01, -4.191532e-03, 9.075091e-02, 2.934406e-01
3.800000e+01, 9.913068e-01, 9.826891e-01, 3.800000e-01, 3.841900e-01, -4.190048e-03, 9.053183e-02, 2.936582e-01
3.810000e+01, 9.913279e-01, 9.827310e-01, 3.800000e-01, 3.841885e-01, -4.188528e-03, 9.031325e-02, 2.938753e-01
3.820000e+01, 9.913490e-01, 9.827729e-01, 3.800000e-01, 3.841869e-01, -4.186944e-03, 9.009512e-02, 2.940918e-01
3.830000e+01, 9.913701e-01, 9.828147e-01, 3.800000e-01, 3.841853e-01, -4.185272e-03, 8.987744e-02, 2.943078e-01
3.840000e+01, 9.913912e-01, 9.828566e-01, 3.800000e-01, 3.841835e-01, -4.183490e-03, 8.966018e-02, 2.945233e-01
3.850000e+01, 9.914123e-01, 9.828984e-01, 3.800000e-01, 3.841816e-01, -4.181576e-03, 8.944331e-02, 2.947383e-01
3.860000e+01, 9.914334e-01, 9.829402e-01, 3.800000e-01, 3.841795e-01, -4.179511e-03, 8.922682e-02, 2.949527e-01
3.870000e+01, 9.914545e-01, 9.829820e-01, 3.800000e-01, 3.841773e-01, -4.177277e-03, 8.901068e-02, 2.951666e-01
3.880000e+01, 9.914756e-01, 9.830238e-01, 3.800000e-01, 3.841749e-01, -4.174859e-03, 8.879489e-02, 2.953800e-01
3.890000e+01, 9.914966e-01, 9.830655e-01, 3.800000e-01, 3.841722e-01, -4.172242e-03, 8.857942e-02, 2.955928e-01
3.900000e+01, 9.915176e-01, 9.831072e-01, 3.800000e-01, 3.841694e-01, -4.169412e-03, 8.836427e-02, 2.958051e-01
3.910000e+01, 9.915386e-01, 9.831489e-01, 3.800000e-01, 3.841664e-01, -4.166360e-03, 8.814942e-02, 2.960169e-01
3.920000e+01, 9.915596e-01, 9.831905e-01, 3.800000e-01, 3.841631e-01, -4.163073e-03, 8.793486e-02, 2.962282e-01
3.930000e+01, 9.915806e-01, 9.832322e-01, 3.800000e-01, 3.841595e-01, -4.159546e-03, 8.772059e-02, 2.964390e-01
3.940000e+01, 9.916016e-01, 9.832737e-01, 3.800000e-01, 3.841558e-01, -4.155769e-03, 8.750659e-02, 2.966492e-01
3.950000e+01, 9.916225e-01, 9.833153e-01, 3.800000e-01, 3.841517e-01, -4.151737e-03, 8.729286e-02, 2.968589e-01
3.960000e+01, 9.916435e-01, 9.833568e-01, 3.800000e-01, 3.841474e-01, -4.147445e-03, 8.707939e-02, 2.970681e-01
3.970000e+01, 9.916644e-01, 9.833982e-01, 3.800000e-01, 3.841429e-01, -4.142891e-03, 8.686619e-02, 2.972767e-01
3.980000e+01, 9.916852e-01, 9.834396e-01, 3.800000e-01, 3.841381e-01, -4.138071e-03, 8.665324e-02, 2.974848e-01
3.990000e+01, 9.917061e-01, 9.834810e-01, 3.800000e-01, 3.841330e-01, -4.132984e-03, 8.644054e-02, 2.976924e-01
4.000000e+01, 9.917269e-01, 9.835223e-01, 3.800000e-01, 3.841276e-01, -4.127631e-03, 8.622810e-02, 2.978995e-01
4.010000e+01, 9.917477e-01, 9.835635e-01, 3.800000e-01, 3.841220e-01, -4.122011e-03, 8.601592e-02, 2.981061e-01
4.020000e+01, 9.917685e-01, 9.836047e-01, 3.800000e-01, 3.841161e-01, -4.116127e-03, 8.580398e-02, 2.983121e-01
4.030000e+01, 9.917892e-01, 9.836458e-01, 3.800000e-01, 3.841100e-01, -4.109981e-03, 8.559231e-02, 2.985177e-01
4.040000e+01, 9.918099e-01, 9.836869e-01, 3.800000e-01, 3.841036e-01, -4.103575e-03, 8.538089e-02, 2.987227e-01
4.050000e+01, 9.918306e-01, 9.837279e-01, 3.800000e-01, 3.840969e-01, -4.096915e-03, 8.516974e-02, 2.989272e-01
4.060000e+01, 9.918512e-01, 9.837689e-01, 3.800000e-01, 3.840900e-01, -4.090004e-03, 8.495885e-02, 2.991312e-01
4.070000e+01, 9.918718e-01, 9.838097e-01, 3.800000e-01, 3.840828e-01, -4.082848e-03, 8.474823e-02, 2.993346e-01
4.080000e+01, 9.918924e-01, 9.838505e-01, 3.800000e-01, 3.840755e-01, -4.075453e-03, 8.453789e-02, 2.995376e-01
4.090000e+01, 9.919129e-01, 9.838912e-01, 3.800000e-01, 3.840678e-01, -4.067825e-03, 8.432783e-02, 2.997400e-01
4.100000e+01, 9.919334e-01, 9.839319e-01, 3.800000e-01, 3.840600e-01, -4.059971e-03, 8.411805e-02, 2.999419e-01
4.110000e+01, 9.919538e-01, 9.839724e-01, 3.800000e-01, 3.840519e-01, -4.051898e-03, 8.390857e-02, 3.001433e-01
4.120000e+01, 9.919742e-01, 9.840129e-01, 3.800000e-01, 3.840436e-01, -4.043613e-03, 8.369939e-02, 3.003442e-01
4.130000e+01, 9.919946e-01, 9.840533e-01, 3.800000e-01, 3.840351e-01, -4.035125e-03, 8.349051e-02, 3.005446e-01
4.140000e+01, 9.920149e-01, 9.840936e-01, 3.800000e-01, 3.840264e-01, -4.026442e-03, 8.328195e-02, 3.007445e-01
4.150000e+01, 9.920352e-01, 9.841338e-01, 3.800000e-01, 3.840176e-01, -4.017571e-03, 8.307370e-02, 3.009439e-01
4.160000e+01, 9.920554e-01, 9.841740e-01, 3.800000e-01, 3.840085e-01, -4.008523e-03, 8.286579e-02, 3.011427e-01
4.170000e+01, 9.920756e-01, 9.842140e-01, 3.800000e-01, 3.839993e-01, -3.999305e-03, 8.265821e-02, 3.013411e-01
4.180000e+01, 9.920957e-01, 9.842539e-01, 3.800000e-01, 3.839899e-01, -3.989927e-03, 8.245097e-02, 3.015390e-01
4.190000e+01, 9.921158e-01, 9.842938e-01, 3.800000e-01, 3.839804e-01, -3.980397e-03, 8.224409e-02, 3.017363e-01
4.200000e+01, 9.921359e-01, 9.843335e-01, 3.800000e-01, 3.839707e-01, -3.970725e-03, 8.203756e-02, 3.019332e-01
4.210000e+01, 9.921558e-01, 9.843732e-01, 3.800000e-01, 3.839609e-01, -3.960919e-03, 8.183140e-02, 3.021295e-01
4.220000e+01, 9.921758e-01, 9.844128e-01, 3.800000e-01, 3.839510e-01, -3.950989e-03, 8.162561e-02, 3.023254e-01
4.230000e+01, 9.921957e-01, 9.844522e-01, 3.800000e-01, 3.839409e-01, -3.940944e-03, 8.142021e-02, 3.025207e-01
4.240000e+01, 9.922155e-01, 9.844916e-01, 3.800000e-01, 3.839308e-01, -3.930792e-03, 8.121520e-02, 3.027156e-01
4.250000e+01, 9.922353e-01, 9.845308e-01, 3.800000e-01, 3.839205e-01, -3.920543e-03, 8.101059e-02, 3.029100e-01
4.260000e+01, 9.922550e-01, 9.845700e-01, 3.800000e-01, 3.839102e-01, -3.910204e-03, 8.080638e-02, 3.031038e-01
4.270000e+01, 9.922747e-01, 9.846090e-01, 3.800000e-01, 3.838998e-01, -3.899786e-03, 8.060258e-02, 3.032972e-01
4.280000e+01, 9.922943e-01, 9.846480e-01, 3.800000e-01, 3.838893e-01, -3.889295e-03, 8.039920e-02, 3.034901e-01
4.290000e+01, 9.923139e-01, 9.846868e-01, 3.800000e-01, 3.838787e-01, -3.878741e-03, 8.019625e-02, 3.036825e-01
4.300000e+01, 9.923334e-01, 9.847256e-01, 3.800000e-01, 3.838681e-01, -3.868131e-03, 7.999373e-02, 3.038744e-01
4.310000e+01, 9.923529e-01, 9.847642e-01, 3.800000e-01, 3.838575e-01, -3.857474e-03, 7.979165e-02, 3.040658e-01
4.320000e+01, 9.923723e-01, 9.848027e-01, 3.800000e-01, 3.838468e-01, -3.846777e-03, 7.959002e-02, 3.042568e-01
4.330000e+01, 9.923916e-01, 9.848411e-01, 3.800000e-01, 3.838360e-01, -3.836047e-03, 7.938884e-02, 3.044472e-01
4.340000e+01, 9.924109e-01, 9.848794e-01, 3.800000e-01, 3.838253e-01, -3.825291e-03, 7.918811e-02, 3.046372e-01
4.350000e+01, 9.924302e-01, 9.849176e-01, 3.800000e-01, 3.838145e-01, -3.814517e-03, 7.898785e-02, 3.048267e-01
4.360000e+01, 9.924494e-01, 9.849557e-01, 3.800000e-01, 3.838037e-01, -3.803731e-03, 7.878806e-02, 3.050157e-01
4.370000e+01, 9.924685e-01, 9.849937e-01, 3.800000e-01, 3.837929e-01, -3.792939e-03, 7.858874e-02, 3.052042e-01
4.380000e+01, 9.924876e-01, 9.850316e-01, 3.800000e-01, 3.837821e-01, -3.782148e-03, 7.838990e-02, 3.053922e-01
4.390000e+01, 9.925066e-01, 9.850694e-01, 3.800000e-01, 3.837714e-01, -3.771363e-03, 7.819154e-02, 3.055798e-01
4.400000e+01, 9.925256e-01, 9.851070e-01, 3.800000e-01, 3.837606e-01, -3.760590e-03, 7.799367e-02, 3.057669e-01
4.410000e+01, 9.925445e-01, 9.851446e-01, 3.800000e-01, 3.837498e-01, -3.749834e-03, 7.779629e-02, 3.059535e-01
4.420000e+01, 9.925634e-01, 9.851820e-01, 3.800000e-01, 3.837391e-01, -3.739100e-03, 7.759941e-02, 3.061397e-01
4.430000e+01, 9.925822e-01, 9.852193e-01, 3.800000e-01, 3.837284e-01, -3.728393e-03, 7.740302e-02, 3.063254e-01
4.440000e+01, 9.926009e-01, 9.852566e-01, 3.800000e-01, 3.837177e-01, -3.717717e-03, 7.720713e-02, 3.065106e-01
4.450000e+01, 9.926196e-01, 9.852937e-01, 3.800000e-01, 3.837071e-01, -3.707076e-03, 7.701175e-02, 3.066953e-01
4.460000e+01, 9.926383e-01, 9.853307e-01, 3.800000e-01, 3.836965e-01, -3.696474e-03, 7.681687e-02, 3.068796e-01
4.470000e+01, 9.926569e-01, 9.853676e-01, 3.800000e-01, 3.836859e-01, -3.685915e-03, 7.662250e-02, 3.070634e-01
4.480000e+01, 9.926754e-01, 9.854044e-01, 3.800000e-01, 3.836754e-01, -3.675401e-03, 7.642864e-02, 3.072468e-01
4.490000e+01, 9.926939e-01, 9.854411e-01, 3.800000e-01, 3.836649e-01, -3.664937e-03, 7.623529e-02, 3.074296e-01
4.500000e+01, 9.927123e-01, 9.854777e-01, 3.800000e-01, 3.836545e-01, -3.654525e-03, 7.604246e-02, 3.076121e-01
4.510000e+01, 9.927307e-01, 9.855142e-01, 3.800000e-01, 3.836442e-01, -3.644166e-03, 7.585014e-02, 3.077940e-01
4.520000e+01, 9.927490e-01, 9.855506e-01, 3.800000e-01, 3.836339e-01, -3.633865e-03, 7.565833e-02, 3.079755e-01
4.530000e+01, 9.927673e-01, 9.855869e-01, 3.800000e-01, 3.836236e-01, -3.623621e-03, 7.546704e-02, 3.081566e-01
4.540000e+01, 9.927855e-01, 9.856231e-01, 3.800000e-01, 3.836134e-01, -3.613438e-03, 7.527627e-02, 3.083372e-01
4.550000e+01, 9.928037e-01, 9.856592e-01, 3.800000e-01, 3.836033e-01, -3.603317e-03, 7.508601e-02, 3.085173e-01
4.560000e+01, 9.928218e-01, 9.856952e-01, 3.800000e-01, 3.835933e-01, -3.593259e-03, 7.489627e-02, 3.086970e-01
4.570000e+01, 9.928399e-01, 9.857310e-01, 3.800000e-01, 3.835833e-01, -3.583266e-03, 7.470705e-02, 3.088762e-01
4.580000e+01, 9.928579e-01, 9.857668e-01, 3.800000e-01, 3.835733e-01, -3.573338e-03, 7.451835e-02, 3.090550e-01
4.590000e+01, 9.928759e-01, 9.858025e-01, 3.800000e-01, 3.835635e-01, -3.563475e-03, 7.433016e-02, 3.092333e-01
4.600000e+01, 9.928938e-01, 9.858381e-01, 3.800000e-01, 3.835537e-01, -3.553679e-03, 7.414248e-02, 3.094112e-01
4.610000e+01, 9.929117e-01, 9.858736e-01, 3.800000e-01, 3.835440e-01, -3.543950e-03, 7.395532e-02, 3.095886e-01
4.620000e+01, 9.929295e-01, 9.859090e-01, 3.800000e-01, 3.835343e-01, -3.534289e-03, 7.376867e-02, 3.097656e-01
4.630000e+01, 9.929473e-01, 9.859443e-01, 3.800000e-01, 3.835247e-01, -3.524694e-03, 7.358254e-02, 3.099422e-01
4.640000e+01, 9.929650e-01, 9.859795e-01, 3.800000e-01, 3.835152e-01, -3.515166e-03, 7.339691e-02, 3.101183e-01
4.650000e+01, 9.929827e-01, 9.860146e-01, 3.800000e-01, 3.835057e-01, -3.505705e-03, 7.321180e-02, 3.102939e-01
4.660000e+01, 9.930003e-01, 9.860496e-01, 3.800000e-01, 3.834963e-01, -3.496311e-03, 7.302719e-02, 3.104691e-01
4.670000e+01, 9.930179e-01, 9.860845e-01, 3.800000e-01, 3.834870e-01, -3.486982e-03, 7.284309e-02, 3.106439e-01
4.680000e+01, 9.930354e-01, 9.861193e-01, 3.800000e-01, 3.834777e-01, -3.477718e-03, 7.265949e-02, 3.108182e-01
4.690000e+01, 9.930529e-01, 9.861541e-01, 3.800000e-01, 3.834685e-01, -3.468519e-03, 7.247640e-02, 3.109921e-01
4.700000e+01, 9.930703e-01, 9.861887e-01, 3.800000e-01, 3.834594e-01, -3.459384e-03, 7.229380e-02, 3.111656e-01
4.710000e+01, 9.930877e-01, 9.862232e-01, 3.800000e-01, 3.834503e-01, -3.450311e-03, 7.211170e-02, 3.113386e-01
4.720000e+01, 9.931051e-01, 9.862577e-01, 3.800000e-01, 3.834413e-01, -3.441300e-03, 7.193010e-02, 3.115112e-01
4.730000e+01, 9.931224e-01, 9.862921e-01, 3.800000e-01, 3.834323e-01, -3.432349e-03, 7.174900e-02, 3.116834e-01
4.740000e+01, 9.931396e-01, 9.863263e-01, 3.800000e-01, 3.834235e-01, -3.423458e-03, 7.156838e-02, 3.118551e-01
4.750000e+01, 9.931569e-01, 9.863605e-01, 3.800000e-01, 3.834146e-01, -3.414626e-03, 7.138825e-02, 3.120264e-01
4.760000e+01, 9.931740e-01, 9.863946e-01, 3.800000e-01, 3.834058e-01, -3.405850e-03, 7.120861e-02, 3.121972e-01
4.770000e+01, 9.931911e-01, 9.864287e-01, 3.800000e-01, 3.833971e-01, -3.397130e-03, 7.102946e-02, 3.123677e-01
4.780000e+01, 9.932082e-01, 9.864626e-01, 3.800000e-01, 3.833885e-01, -3.388464e-03, 7.085079e-02, 3.125377e-01
4.790000e+01, 9.932253e-01, 9.864964e-01, 3.800000e-01, 3.833799e-01, -3.379851e-03, 7.067259e-02, 3.127073e-01
4.800000e+01, 9.932423e-01, 9.865302e-01, 3.800000e-01, 3.833713e-01, -3.371290e-03, 7.049487e-02, 3.128764e-01
4.810000e+01, 9.932592e-01, 9.865638e-01, 3.800000e-01, 3.833628e-01, -3.362778e-03, 7.031763e-02, 3.130451e-01
4.820000e+01, 9.932761e-01, 9.865974e-01, 3.800000e-01, 3.833543e-01, -3.354316e-03, 7.014086e-02, 3.132135e-01
4.830000e+01, 9.932930e-01, 9.866309e-01, 3.800000e-01, 3.833459e-01, -3.345900e-03, 6.996456e-02, 3.133813e-01
4.840000e+01, 9.933098e-01, 9.866644e-01, 3.800000e-01, 3.833375e-01, -3.337530e-03, 6.978872e-02, 3.135488e-01
4.850000e+01, 9.933266e-01, 9.866977e-01, 3.800000e-01, 3.833292e-01, -3.329205e-03, 6.961335e-02, 3.137159e-01
4.860000e+01, 9.933433e-01, 9.867309e-01, 3.800000e-01, 3.833209e-01, -3.320922e-03, 6.943844e-02, 3.138825e-01
4.870000e+01, 9.933600e-01, 9.867641e-01, 3.800000e-01, 3.833127e-01, -3.312681e-03, 6.926399e-02, 3.140487e-01
4.880000e+01, 9.933767e-01, 9.867972e-01, 3.800000e-01, 3.833045e-01, -3.304479e-03, 6.909000e-02, 3.142145e-01
4.890000e+01, 9.933933e-01, 9.868302e-01, 3.800000e-01, 3.832963e-01, -3.296316e-03, 6.891646e-02, 3.143799e-01
4.900000e+01, 9.934098e-01, 9.868631e-01, 3.800000e-01, 3.832882e-01, -3.288191e-03, 6.874338e-02, 3.145448e-01
4.910000e+01, 9.934264e-01, 9.868960e-01, 3.800000e-01, 3.832801e-01, -3.280101e-03, 6.857074e-02, 3.147094e-01
4.920000e+01, 9.934429e-01, 9.869287e-01, 3.800000e-01, 3.832720e-01, -3.272045e-03, 6.839855e-02, 3.148735e-01
4.930000e+01, 9.934593e-01, 9.869614e-01, 3.800000e-01, 3.832640e-01, -3.264022e-03, 6.822680e-02, 3.150372e-01
4.940000e+01, 9.934757e-01, 9.869940e-01, 3.800000e-01, 3.832560e-01, -3.256031e-03, 6.805550e-02, 3.152005e-01
4.950000e+01, 9.934921e-01, 9.870265e-01, 3.800000e-01, 3.832481e-01, -3.248071e-03, 6.788464e-02, 3.153634e-01
4.960000e+01, 9.935084e-01, 9.870590e-01, 3.800000e-01, 3.832401e-01, -3.240140e-03, 6.771421e-02, 3.155259e-01
4.970000e+01, 9.935247e-01, 9.870913e-01, 3.800000e-01, 3.832322e-01, -3.232237e-03, 6.754422e-02, 3.156880e-01
4.980000e+01, 9.935409e-01, 9.871236e-01, 3.800000e-01, 3.832244e-01, -3.224362e-03, 6.737467e-02, 3.158497e-01
4.990000e+01, 9.935571e-01, 9.871558e-01, 3.800000e-01, 3.832165e-01, -3.216512e-03, 6.720554e-02, 3.160110e-01
5.000000e+01, 9.935733e-01, 9.871879e-01, 3.800000e-01, 3.832087e-01, -3.208686e-03, 6.703685e-02, 3.161718e-01
5.010000e+01, 9.935894e-01, 9.872200e-01, 3.800000e-01, 3.832009e-01, -3.200885e-03, 6.686858e-02, 3.163323e-01
5.020000e+01, 9.936055e-01, 9.872520e-01, 3.800000e-01, 3.831931e-01, -3.193107e-03, 6.670074e-02, 3.164924e-01
5.030000e+01, 9.936216e-01, 9.872838e-01, 3.800000e-01, 3.831854e-01, -3.185350e-03, 6.653332e-02, 3.166520e-01
5.040000e+01, 9.936376e-01, 9.873157e-01, 3.800000e-01, 3.831776e-01, -3.177615e-03, 6.636633e-02, 3.168113e-01
5.050000e+01, 9.936536e-01, 9.873474e-01, 3.800000e-01, 3.831699e-01, -3.169899e-03, 6.619975e-02, 3.169701e-01
5.060000e+01, 9.936695e-01, 9.873791e-01, 3.800000e-01, 3.831622e-01, -3.162203e-03, 6.603360e-02, 3.171286e-01
5.070000e+01, 9.936854e-01, 9.874106e-01, 3.800000e-01, 3.831545e-01, -3.154526e-03, 6.586785e-02, 3.172867e-01
5.080000e+01, 9.937012e-01, 9.874421e-01, 3.800000e-01, 3.831469e-01, -3.146867e-03, 6.570253e-02, 3.174443e-01
5.090000e+01, 9.937171e-01, 9.874736e-01, 3.800000e-01, 3.831392e-01, -3.139224e-03, 6.553761e-02, 3.176016e-01
5.100000e+01, 9.937328e-01, 9.875049e-01, 3.800000e-01, 3.831316e-01, -3.131599e-03, 6.537311e-02, 3.177585e-01
5.110000e+01, 9.937486e-01, 9.875362e-01, 3.800000e-01, 3.831240e-01, -3.123989e-03, 6.520902e-02, 3.179150e-01
5.120000e+01, 9.937643e-01, 9.875674e-01, 3.800000e-01, 3.831164e-01, -3.116395e-03, 6.504534e-02, 3.180711e-01
5.130000e+01, 9.937799e-01, 9.875985e-01, 3.800000e-01, 3.831088e-01, -3.108816e-03, 6.488206e-02, 3.182268e-01
5.140000e+01, 9.937955e-01, 9.876296e-01, 3.800000e-01, 3.831013e-01, -3.101252e-03, 6.471919e-02, 3.183821e-01
5.150000e+01, 9.938111e-01, 9.876606e-01, 3.800000e-01, 3.830937e-01, -3.093701e-03, 6.455672e-02, 3.185370e-01
5.160000e+01, 9.938267e-01, 9.876915e-01, 3.800000e-01, 3.830862e-01, -3.086165e-03, 6.439466e-02, 3.186915e-01
5.170000e+01, 9.938422e-01, 9.877223e-01, 3.800000e-01, 3.830786e-01, -3.078642e-03, 6.423300e-02, 3.188456e-01
5.180000e+01, 9.938577e-01, 9.877530e-01, 3.800000e-01, 3.830711e-01, -3.071131e-03, 6.407173e-02, 3.189994e-01
5.190000e+01, 9.938731e-01, 9.877837e-01, 3.800000e-01, 3.830636e-01, -3.063634e-03, 6.391087e-02, 3.191528e-01
5.200000e+01, 9.938885e-01, 9.878143e-01, 3.800000e-01, 3.830561e-01, -3.056149e-03, 6.375041e-02, 3.193057e-01
5.210000e+01, 9.939038e-01, 9.878448e-01, 3.800000e-01, 3.830487e-01, -3.048677e-03, 6.359034e-02, 3.194583e-01
5.220000e+01, 9.939192e-01, 9.878753e-01, 3.800000e-01, 3.830412e-01, -3.041216e-03, 6.343066e-02, 3.196106e-01
5.230000e+01, 9.939344e-01, 9.879057e-01, 3.800000e-01, 3.830338e-01, -3.033768e-03, 6.327139e-02, 3.197624e-01
5.240000e+01, 9.939497e-01, 9.879360e-01, 3.800000e-01, 3.830263e-01, -3.026332e-03, 6.311250e-02, 3.199138e-01
5.250000e+01, 9.939649e-01, 9.879662e-01, 3.800000e-01, 3.830189e-01, -3.018907e-03, 6.295401e-02, 3.200649e-01
5.260000e+01, 9.939800e-01, 9.879963e-01, 3.800000e-01, 3.830115e-01, -3.011494e-03, 6.279591e-02, 3.202156e-01
5.270000e+01, 9.939952e-01, 9.880264e-01, 3.800000e-01, 3.830041e-01, -3.004093e-03, 6.263820e-02, 3.203659e-01
5.280000e+01, 9.940103e-01, 9.880564e-01, 3.800000e-01, 3.829967e-01, -2.996703e-03, 6.248087e-02, 3.205158e-01
5.290000e+01, 9.940253e-01, 9.880863e-01, 3.800000e-01, 3.829893e-01, -2.989325e-03, 6.232394e-02, 3.206654e-01
5.300000e+01, 9.940403e-01, 9.881162e-01, 3.800000e-01, 3.829820e-01, -2.981959e-03, 6.216740e-02, 3.208146e-01
5.310000e+01, 9.940553e-01, 9.881460e-01, 3.800000e-01, 3.829746e-01, -2.974605e-03, 6.201124e-02, 3.209634e-01
5.320000e+01, 9.940703e-01, 9.881757e-01, 3.800000e-01, 3.829673e-01, -2.967262e-03, 6.185547e-02, 3.211118e-01
5.330000e+01, 9.940852e-01, 9.882053e-01, 3.800000e-01, 3.829599e-01, -2.959931e-03, 6.170008e-02, 3.212599e-01
5.340000e+01, 9.941000e-01, 9.882349e-01, 3.800000e-01, 3.829526e-01, -2.952612e-03, 6.154507e-02, 3.214075e-01
5.350000e+01, 9.941149e-01, 9.882644e-01, 3.800000e-01, 3.829453e-01, -2.945305e-03, 6.139045e-02, 3.215549e-01
5.360000e+01, 9.941297e-01, 9.882938e-01, 3.800000e-01, 3.829380e-01, -2.938010e-03, 6.123622e-02, 3.217018e-01
5.370000e+01, 9.941444e-01, 9.883231e-01, 3.800000e-01, 3.829307e-01, -2.930727e-03, 6.108236e-02, 3.218484e-01
5.380000e+01, 9.941592e-01, 9.883524e-01, 3.800000e-01, 3.829235e-01, -2.923457e-03, 6.092888e-02, 3.219946e-01
5.390000e+01, 9.941738e-01, 9.883816e-01, 3.800000e-01, 3.829162e-01, -2.916199e-03, 6.077579e-02, 3.221404e-01
5.400000e+01, 9.941885e-01, 9.884107e-01, 3.800000e-01, 3.829090e-01, -2.908954e-03, 6.062307e-02, 3.222859e-01
5.410000e+01, 9.942031e-01, 9.884398e-01, 3.800000e-01, 3.829017e-01, -2.901722e-03, 6.047073e-02, 3.224310e-01
5.420000e+01, 9.942177e-01, 9.884688e-01, 3.800000e-01, 3.828945e-01, -2.894503e-03, 6.031878e-02, 3.225757e-01
5.430000e+01, 9.942322e-01, 9.884977e-01, 3.800000e-01, 3.828873e-01, -2.887296e-03, 6.016719e-02, 3.227201e-01
5.440000e+01, 9.942467e-01, 9.885265e-01, 3.800000e-01, 3.828801e-01, -2.880103e-03, 6.001599e-02, 3.228641e-01
5.450000e+01, 9.942612e-01, 9.885553e-01, 3.800000e-01, 3.828729e-01, -2.872924e-03, 5.986516e-02, 3.230078e-01
5.460000e+01, 9.942756e-01, 9.885840e-01, 3.800000e-01, 3.828658e-01, -2.865758e-03, 5.971470e-02, 3.231511e-01
5.470000e+01, 9.942900e-01, 9.886126e-01, 3.800000e-01, 3.828586e-01, -2.858606e-03, 5.956462e-02, 3.232940e-01
5.480000e+01, 9.943044e-01, 9.886412e-01, 3.800000e-01, 3.828515e-01, -2.851469e-03, 5.941491e-02, 3.234366e-01
5.490000e+01, 9.943187e-01, 9.886696e-01, 3.800000e-01, 3.828443e-01, -2.844345e-03, 5.926557e-02, 3.235788e-01
5.500000e+01, 9.943330e-01, 9.886980e-01, 3.800000e-01, 3.828372e-01, -2.837235e-03, 5.911661e-02, 3.237206e-01
5.510000e+01, 9.943472e-01, 9.887264e-01, 3.800000e-01, 3.828301e-01, -2.830140e-03, 5.896802e-02, 3.238621e-01
5.520000e+01, 9.943614e-01, 9.887546e-01, 3.800000e-01, 3.828231e-01, -2.823060e-03, 5.881979e-02, 3.240033e-01
5.530000e+01, 9.943756e-01, 9.887828e-01, 3.800000e-01, 3.828160e-01, -2.815995e-03, 5.867194e-02, 3.241441e-01
5.540000e+01, 9.943897e-01, 9.888110e-01, 3.800000e-01, 3.828089e-01, -2.808945e-03, 5.852446e-02, 3.242845e-01
5.550000e+01, 9.944038e-01, 9.888390e-01, 3.800000e-01, 3.828019e-01, -2.801910e-03, 5.837734e-02, 3.244246e-01
5.560000e+01, 9.944179e-01, 9.888670e-01, 3.800000e-01, 3.827949e-01, -2.794890e-03, 5.823060e-02, 3.245643e-01
5.570000e+01, 9.944320e-01, 9.888949e-01, 3.800000e-01, 3.827879e-01, -2.787885e-03, 5.808422e-02, 3.247037e-01
5.580000e+01, 9.944460e-01, 9.889228e-01, 3.800000e-01, 3.827809e-01, -2.780897e-03, 5.793820e-02, 3.248427e-01
5.590000e+01, 9.944599e-01, 9.889505e-01, 3.800000e-01, 3.827739e-01, -2.773924e-03, 5.779255e-02, 3.249814e-01
5.600000e+01, 9.944738e-01, 9.889782e-01, 3.800000e-01, 3.827670e-01, -2.766967e-03, 5.764727e-02, 3.251197e-01
5.610000e+01, 9.944877e-01, 9.890059e-01, 3.800000e-01, 3.827600e-01, -2.760026e-03, 5.750235e-02, 3.252577e-01
5.620000e+01, 9.945016e-01, 9.890334e-01, 3.800000e-01, 3.827531e-01, -2.753101e-03, 5.735779e-02, 3.253953e-01
5.630000e+01, 9.945154e-01, 9.890609e-01, 3.800000e-01, 3.827462e-01, -2.746192e-03, 5.721359e-02, 3.255326e-01
5.640000e+01, 9.945292e-01, 9.890884e-01, 3.800000e-01, 3.827393e-01, -2.739300e-03, 5.706976e-02, 3.256695e-01
5.650000e+01, 9.945430e-01, 9.891157e-01, 3.800000e-01, 3.827324e-01, -2.732425e-03, 5.692628e-02, 3.258061e-01
5.660000e+01, 9.945567e-01, 9.891430e-01, 3.800000e-01, 3.827256e-01, -2.725565e-03, 5.678317e-02, 3.259424e-01
5.670000e+01, 9.945704e-01, 9.891702e-01, 3.800000e-01, 3.827187e-01, -2.718723e-03, 5.664042e-02, 3.260783e-01
5.680000e+01, 9.945840e-01, 9.891974e-01, 3.800000e-01, 3.827119e-01, -2.711897e-03, 5.649802e-02, 3.262139e-01
5.690000e+01, 9.945976e-01, 9.892245e-01, 3.800000e-01, 3.827051e-01, -2.705089e-03, 5.635598e-02, 3.263491e-01
5.700000e+01, 9.946112e-01, 9.892515e-01, 3.800000e-01, 3.826983e-01, -2.698297e-03, 5.621430e-02, 3.264840e-01
5.710000e+01, 9.946248e-01, 9.892784e-01, 3.800000e-01, 3.826915e-01, -2.691522e-03, 5.607298e-02, 3.266185e-01
5.720000e+01, 9.946383e-01, 9.893053e-01, 3.800000e-01, 3.826848e-01, -2.684764e-03, 5.593201e-02, 3.267528e-01
5.730000e+01, 9.946518e-01, 9.893321e-01, 3.800000e-01, 3.826780e-01, -2.678023e-03, 5.579139e-02, 3.268866e-01
5.740000e+01, 9.946652e-01, 9.893589e-01, 3.800000e-01, 3.826713e-01, -2.671300e-03, 5.565113e-02, 3.270202e-01
5.750000e+01, 9.946786e-01, 9.893856e-01, 3.800000e-01, 3.826646e-01, -2.664593e-03, 5.551122e-02, 3.271534e-01
5.760000e+01, 9.946920e-01, 9.894122e-01, 3.800000e-01, 3.826579e-01, -2.657904e-03, 5.537167e-02, 3.272862e-01
5.770000e+01, 9.947053e-01, 9.894387e-01, 3.800000e-01, 3.826512e-01, -2.651232e-03, 5.523246e-02, 3.274188e-01
5.780000e+01, 9.947187e-01, 9.894652e-01, 3.800000e-01, 3.826446e-01, -2.644577e-03, 5.509361e-02, 3.275510e-01
5.790000e+01, 9.947319e-01, 9.894916e-01, 3.800000e-01, 3.826379e-01, -2.637939e-03, 5.495510e-02, 3.276828e-01
5.800000e+01, 9.947452e-01, 9.895180e-01, 3.800000e-01, 3.826313e-01, -2.631319e-03, 5.481695e-02, 3.278144e-01
5.810000e+01, 9.947584e-01, 9.895442e-01, 3.800000e-01, 3.826247e-01, -2.624716e-03, 5.467914e-02, 3.279456e-01
5.820000e+01, 9.947716e-01, 9.895704e-01, 3.800000e-01, 3.826181e-01, -2.618130e-03, 5.454168e-02, 3.280765e-01
5.830000e+01, 9.947847e-01, 9.895966e-01, 3.800000e-01, 3.826116e-01, -2.611562e-03, 5.440456e-02, 3.282070e-01
5.840000e+01, 9.947978e-01, 9.896227e-01, 3.800000e-01, 3.826050e-01, -2.605011e-03, 5.426779e-02, 3.283372e-01
5.850000e+01, 9.948109e-01, 9.896487e-01, 3.800000e-01, 3.825985e-01, -2.598477e-03, 5.413136e-02, 3.284671e-01
5.860000e+01, 9.948239e-01, 9.896746e-01, 3.800000e-01, 3.825920e-01, -2.591960e-03, 5.399528e-02, 3.285967e-01
5.870000e+01, 9.948369e-01, 9.897005e-01, 3.800000e-01, 3.825855e-01, -2.585461e-03, 5.385954e-02, 3.287259e-01
5.880000e+01, 9.948499e-01, 9.897264e-01, 3.800000e-01, 3.825790e-01, -2.578978e-03, 5.372415e-02, 3.288548e-01
5.890000e+01, 9.948629e-01, 9.897521e-01, 3.800000e-01, 3.825725e-01, -2.572513e-03, 5.358909e-02, 3.289834e-01
5.900000e+01, 9.948758e-01, 9.897778e-01, 3.800000e-01, 3.825661e-01, -2.566065e-03, 5.345438e-02, 3.291117e-01
5.910000e+01, 9.948887e-01, 9.898034e-01, 3.800000e-01, 3.825596e-01, -2.559634e-03, 5.332000e-02, 3.292396e-01
5.920000e+01, 9.949015e-01, 9.898290e-01, 3.800000e-01, 3.825532e-01, -2.553219e-03, 5.318596e-02, 3.293673e-01
5.930000e+01, 9.949143e-01, 9.898545e-01, 3.800000e-01, 3.825468e-01, -2.546822e-03, 5.305227e-02, 3.294946e-01
5.940000e+01, 9.949271e-01, 9.898799e-01, 3.800000e-01, 3.825404e-01, -2.540442e-03, 5.291890e-02, 3.296215e-01
5.950000e+01, 9.949399e-01, 9.899053e-01, 3.800000e-01, 3.825341e-01, -2.534079e-03, 5.278588e-02, 3.297482e-01
5.960000e+01, 9.949526e-01, 9.899306e-01, 3.800000e-01, 3.825277e-01, -2.527732e-03, 5.265319e-02, 3.298745e-01
5.970000e+01, 9.949653e-01, 9.899559e-01, 3.800000e-01, 3.825214e-01, -2.521402e-03, 5.252083e-02, 3.300006e-01
5.980000e+01, 9.949779e-01, 9.899810e-01, 3.800000e-01, 3.825151e-01, -2.515089e-03, 5.238880e-02, 3.301263e-01
5.990000e+01, 9.949905e-01, 9.900062e-01, 3.800000e-01, 3.825088e-01, -2.508792e-03, 5.225711e-02, 3.302517e-01
6.000000e+01, 9.950031e-01, 9.900312e-01, 3.800000e-01, 3.825025e-01, -2.502512e-03, 5.212575e-02, 3.303768e-01
6.010000e+01, 9.950157e-01, 9.900562e-01, 3.800000e-01, 3.824962e-01, -2.496249e-03, 5.199473e-02, 3.305015e-01
6.020000e+01, 9.950282e-01, 9.900811e-01, 3.800000e-01, 3.824900e-01, -2.490002e-03, 5.186403e-02, 3.306260e-01
6.030000e+01, 9.950407e-01, 9.901060e-01, 3.800000e-01, 3.824838e-01, -2.483771e-03, 5.173366e-02, 3.307501e-01
6.040000e+01, 9.950532e-01, 9.901308e-01, 3.800000e-01, 3.824776e-01, -2.477557e-03, 5.160362e-02, 3.308739e-01
6.050000e+01, 9.950656e-01, 9.901556e-01, 3.800000e-01, 3.824714e-01, -2.471358e-03, 5.147390e-02, 3.309975e-01
6.060000e+01, 9.950780e-01, 9.901803e-01, 3.800000e-01, 3.824652e-01, -2.465176e-03, 5.134452e-02, 3.311207e-01
6.070000e+01, 9.950904e-01, 9.902049e-01, 3.800000e-01, 3.824590e-01, -2.459010e-03, 5.121546e-02, 3.312436e-01
6.080000e+01, 9.951027e-01, 9.902294e-01, 3.800000e-01, 3.824529e-01, -2.452860e-03, 5.108672e-02, 3.313661e-01
6.090000e+01, 9.951150e-01, 9.902539e-01, 3.800000e-01, 3.824467e-01, -2.446726e-03, 5.095831e-02, 3.314884e-01
6.100000e+01, 9.951273e-01, 9.902784e-01, 3.800000e-01, 3.824406e-01, -2.440608e-03, 5.083022e-02, 3.316104e-01
6.110000e+01, 9.951396e-01, 9.903027e-01, 3.800000e-01, 3.824345e-01, -2.434506e-03, 5.070245e-02, 3.317321e-01
6.120000e+01, 9.951518e-01, 9.903271e-01, 3.800000e-01, 3.824284e-01, -2.428419e-03, 5.057501e-02, 3.318534e-01
6.130000e+01, 9.951640e-01, 9.903513e-01, 3.800000e-01, 3.824223e-01, -2.422348e-03, 5.044788e-02, 3.319745e-01
6.140000e+01, 9.951761e-01, 9.903755e-01, 3.800000e-01, 3.824163e-01, -2.416293e-03, 5.032108e-02, 3.320952e-01
6.150000e+01, 9.951882e-01, 9.903996e-01, 3.800000e-01, 3.824103e-01, -2.410253e-03, 5.019460e-02, 3.322157e-01
6.160000e+01, 9.952003e-01, 9.904237e-01, 3.800000e-01, 3.824042e-01, -2.404228e-03, 5.006843e-02, 3.323358e-01
6.170000e+01, 9.952124e-01, 9.904477e-01, 3.800000e-01, 3.823982e-01, -2.398219e-03, 4.994258e-02, 3.324556e-01
6.180000e+01, 9.952244e-01, 9.904717e-01, 3.800000e-01, 3.823922e-01, -2.392226e-03, 4.981704e-02, 3.325752e-01
6.190000e+01, 9.952364e-01, 9.904956e-01, 3.800000e-01, 3.823862e-01, -2.386247e-03, 4.969183e-02, 3.326944e-01
6.200000e+01, 9.952484e-01, 9.905194e-01, 3.800000e-01, 3.823803e-01, -2.380284e-03, 4.956692e-02, 3.328134e-01
6.210000e+01, 9.952604e-01, 9.905432e-01, 3.800000e-01, 3.823743e-01, -2.374336e-03, 4.944234e-02, 3.329320e-01
6.220000e+01, 9.952723e-01, 9.905669e-01, 3.800000e-01, 3.823684e-01, -2.368402e-03, 4.931806e-02, 3.330503e-01
6.230000e+01, 9.952841e-01, 9.905905e-01, 3.800000e-01, 3.823625e-01, -2.362484e-03, 4.919410e-02, 3.331684e-01
6.240000e+01, 9.952960e-01, 9.906141e-01, 3.800000e-01, 3.823566e-01, -2.356581e-03, 4.907045e-02, 3.332861e-01
6.250000e+01, 9.953078e-01, 9.906377e-01, 3.800000e-01, 3.823507e-01, -2.350692e-03, 4.894711e-02, 3.334036e-01
6.260000e+01, 9.953196e-01, 9.906611e-01, 3.800000e-01, 3.823448e-01, -2.344819e-03, 4.882408e-02, 3.335207e-01
6.270000e+01, 9.953314e-01, 9.906846e-01, 3.800000e-01, 3.823390e-01, -2.338960e-03, 4.870135e-02, 3.336376e-01
6.280000e+01, 9.953431e-01, 9.907079e-01, 3.800000e-01, 3.823331e-01, -2.333116e-03, 4.857894e-02, 3.337542e-01
6.290000e+01, 9.953548e-01, 9.907312e-01, 3.800000e-01, 3.823273e-01, -2.327286e-03, 4.845684e-02, 3.338705e-01
6.300000e+01, 9.953665e-01, 9.907545e-01, 3.800000e-01, 3.823215e-01, -2.321471e-03, 4.833504e-02, 3.339864e-01
6.310000e+01, 9.953781e-01, 9.907777e-01, 3.800000e-01, 3.823157e-01, -2.315670e-03, 4.821355e-02, 3.341021e-01
6.320000e+01, 9.953898e-01, 9.908008e-01, 3.800000e-01, 3.823099e-01, -2.309884e-03, 4.809236e-02, 3.342175e-01
6.330000e+01, 9.954014e-01, 9.908239e-01, 3.800000e-01, 3.823041e-01, -2.304113e-03, 4.797148e-02, 3.343326e-01
6.340000e+01, 9.954129e-01, 9.908469e-01, 3.800000e-01, 3.822984e-01, -2.298355e-03, 4.785090e-02, 3.344475e-01
6.350000e+01, 9.954244e-01, 9.908698e-01, 3.800000e-01, 3.822926e-01, -2.292612e-03, 4.773062e-02, 3.345620e-01
6.360000e+01, 9.954359e-01, 9.908927e-01, 3.800000e-01, 3.822869e-01, -2.286883e-03, 4.761065e-02, 3.346762e-01
6.370000e+01, 9.954474e-01, 9.909156e-01, 3.800000e-01, 3.822812e-01, -2.281169e-03, 4.749097e-02, 3.347902e-01
6.380000e+01, 9.954589e-01, 9.909383e-01, 3.800000e-01, 3.822755e-01, -2.275468e-03, 4.737160e-02, 3.349039e-01
6.390000e+01, 9.954703e-01, 9.909611e-01, 3.800000e-01, 3.822698e-01, -2.269782e-03, 4.725253e-02, 3.350173e-01
6.400000e+01, 9.954817e-01, 9.909837e-01, 3.800000e-01, 3.822641e-01, -2.264110e-03, 4.713376e-02, 3.351304e-01
6.410000e+01, 9.954930e-01, 9.910064e-01, 3.800000e-01, 3.822585e-01, -2.258451e-03, 4.701528e-02, 3.352432e-01
6.420000e+01, 9.955043e-01, 9.910289e-01, 3.800000e-01, 3.822528e-01, -2.252807e-03, 4.689710e-02, 3.353557e-01
6.430000e+01, 9.955156e-01, 9.910514e-01, 3.800000e-01, 3.822472e-01, -2.247176e-03, 4.677922e-02, 3.354680e-01
6.440000e+01, 9.955269e-01, 9.910739e-01, 3.800000e-01, 3.822416e-01, -2.241560e-03, 4.666164e-02, 3.355799e-01
6.450000e+01, 9.955382e-01, 9.910962e-01, 3.800000e-01, 3.822360e-01, -2.235957e-03, 4.654435e-02, 3.356916e-01
6.460000e+01, 9.955494e-01, 9.911186e-01, 3.800000e-01, 3.822304e-01, -2.230368e-03, 4.642736e-02, 3.358030e-01
6.470000e+01, 9.955606e-01, 9.911408e-01, 3.800000e-01, 3.822248e-01, -2.224793e-03, 4.631066e-02, 3.359141e-01
6.480000e+01, 9.955717e-01, 9.911631e-01, 3.800000e-01, 3.822192e-01, -2.219232e-03, 4.619425e-02, 3.360250e-01
6.490000e+01, 9.955829e-01, 9.911852e-01, 3.800000e-01, 3.822137e-01, -2.213684e-03, 4.607813e-02, 3.361356e-01
6.500000e+01, 9.955940e-01, 9.912073e-01, 3.800000e-01, 3.822081e-01, -2.208150e-03, 4.596231e-02, 3.362458e-01
6.510000e+01, 9.956050e-01, 9.912294e-01, 3.800000e-01, 3.822026e-01, -2.202629e-03, 4.584678e-02, 3.363559e-01
6.520000e+01, 9.956161e-01, 9.912514e-01, 3.800000e-01, 3.821971e-01, -2.197122e-03, 4.573153e-02, 3.364656e-01
6.530000e+01, 9.956271e-01, 9.912733e-01, 3.800000e-01, 3.821916e-01, -2.191629e-03, 4.561658e-02, 3.365750e-01
6.540000e+01, 9.956381e-01, 9.912952e-01, 3.800000e-01, 3.821861e-01, -2.186149e-03, 4.550192e-02, 3.366842e-01
6.550000e+01, 9.956491e-01, 9.913171e-01, 3.800000e-01, 3.821807e-01, -2.180683e-03, 4.538754e-02, 3.367931e-01
6.560000e+01, 9.956600e-01, 9.913388e-01, 3.800000e-01, 3.821752e-01, -2.175230e-03, 4.527345e-02, 3.369018e-01
6.570000e+01, 9.956709e-01, 9.913606e-01, 3.800000e-01, 3.821698e-01, -2.169790e-03, 4.515965e-02, 3.370101e-01
6.580000e+01, 9.956818e-01, 9.913822e-01, 3.800000e-01, 3.821644e-01, -2.164364e-03, 4.504613e-02, 3.371182e-01
6.590000e+01, 9.956926e-01, 9.914039e-01, 3.800000e-01, 3.821590e-01, -2.158951e-03, 4.493290e-02, 3.372261e-01
6.600000e+01, 9.957035e-01, 9.914254e-01, 3.800000e-01, 3.821536e-01, -2.153552e-03, 4.481995e-02, 3.373336e-01
6.610000e+01, 9.957143e-01, 9.914469e-01, 3.800000e-01, 3.821482e-01, -2.148166e-03, 4.470728e-02, 3.374409e-01
6.620000e+01, 9.957251e-01, 9.914684e-01, 3.800000e-01, 3.821428e-01, -2.142793e-03, 4.459490e-02, 3.375479e-01
6.630000e+01, 9.957358e-01, 9.914898e-01, 3.800000e-01, 3.821374e-01, -2.137433e-03, 4.448280e-02, 3.376546e-01
6.640000e+01, 9.957465e-01, 9.915111e-01, 3.800000e-01, 3.821321e-01, -2.132086e-03, 4.437099e-02, 3.377611e-01
6.650000e+01, 9.957572e-01, 9.915324e-01, 3.800000e-01, 3.821268e-01, -2.126753e-03, 4.425945e-02, 3.378673e-01
6.660000e+01, 9.957679e-01, 9.915537e-01, 3.800000e-01, 3.821214e-01, -2.121433e-03, 4.414819e-02, 3.379732e-01
6.670000e+01, 9.957785e-01, 9.915748e-01, 3.800000e-01, 3.821161e-01, -2.116126e-03, 4.403722e-02, 3.380789e-01
6.680000e+01, 9.957891e-01, 9.915960e-01, 3.800000e-01, 3.821108e-01, -2.110832e-03, 4.392652e-02, 3.381843e-01
6.690000e+01, 9.957997e-01, 9.916171e-01, 3.800000e-01, 3.821056e-01, -2.105551e-03, 4.381610e-02, 3.382895e-01
6.700000e+01, 9.958103e-01, 9.916381e-01, 3.800000e-01, 3.821003e-01, -2.100283e-03, 4.370595e-02, 3.383943e-01
6.710000e+01, 9.958208e-01, 9.916591e-01, 3.800000e-01, 3.820950e-01, -2.095028e-03, 4.359609e-02, 3.384989e-01
6.720000e+01, 9.958313e-01, 9.916800e-01, 3.800000e-01, 3.820898e-01, -2.089786e-03, 4.348650e-02, 3.386033e-01
6.730000e+01, 9.958418e-01, 9.917009e-01, 3.800000e-01, 3.820846e-01, -2.084557e-03, 4.337718e-02, 3.387074e-01
6.740000e+01, 9.958522e-01, 9.917217e-01, 3.800000e-01, 3.820793e-01, -2.079341e-03, 4.326814e-02, 3.388112e-01
6.750000e+01, 9.958627e-01, 9.917425e-01, 3.800000e-01, 3.820741e-01, -2.074138e-03, 4.315937e-02, 3.389148e-01
6.760000e+01, 9.958731e-01, 9.917632e-01, 3.800000e-01, 3.820689e-01, -2.068948e-03, 4.305088e-02, 3.390181e-01
6.770000e+01, 9.958834e-01, 9.917838e-01, 3.800000e-01, 3.820638e-01, -2.063770e-03, 4.294266e-02, 3.391211e-01
6.780000e+01, 9.958938e-01, 9.918044e-01, 3.800000e-01, 3.820586e-01, -2.058606e-03, 4.283471e-02, 3.392239e-01
6.790000e+01, 9.959041e-01, 9.918250e-01, 3.800000e-01, 3.820535e-01, -2.053454e-03, 4.272703e-02, 3.393264e-01
6.800000e+01, 9.959144e-01, 9.918455e-01, 3.800000e-01, 3.820483e-01, -2.048315e-03, 4.261963e-02, 3.394287e-01
6.810000e+01, 9.959247e-01, 9.918660e-01, 3.800000e-01, 3.820432e-01, -2.043189e-03, 4.251249e-02, 3.395307e-01
6.820000e+01, 9.959349e-01, 9.918864e-01, 3.800000e-01, 3.820381e-01, -2.038075e-03, 4.240562e-02, 3.396325e-01
6.830000e+01, 9.959451e-01, 9.919067e-01, 3.800000e-01, 3.820330e-01, -2.032974e-03, 4.229902e-02, 3.397340e-01
6.840000e+01, 9.959553e-01, 9.919270e-01, 3.800000e-01, 3.820279e-01, -2.027886e-03, 4.219269e-02, 3.398352e-01
6.850000e+01, 9.959655e-01, 9.919473e-01, 3.800000e-01, 3.820228e-01, -2.022810e-03, 4.208662e-02, 3.399362e-01
6.860000e+01, 9.959756e-01, 9.919675e-01, 3.800000e-01, 3.820177e-01, -2.017747e-03, 4.198082e-02, 3.400369e-01
6.870000e+01, 9.959858e-01, 9.919876e-01, 3.800000e-01, 3.820127e-01, -2.012697e-03, 4.187529e-02, 3.401374e-01
6.880000e+01, 9.959959e-01, 9.920077e-01, 3.800000e-01, 3.820077e-01, -2.007659e-03, 4.177002e-02, 3.402376e-01
6.890000e+01, 9.960059e-01, 9.920278e-01, 3.800000e-01, 3.820026e-01, -2.002633e-03, 4.166502e-02, 3.403376e-01
6.900000e+01, 9.960160e-01, 9.920478e-01, 3.800000e-01, 3.819976e-01, -1.997620e-03, 4.156028e-02, 3.404373e-01
6.910000e+01, 9.960260e-01, 9.920678e-01, 3.800000e-01, 3.819926e-01, -1.992620e-03, 4.145581e-02, 3.405368e-01
6.920000e+01, 9.960360e-01, 9.920877e-01, 3.800000e-01, 3.819876e-01, -1.987632e-03, 4.135159e-02, 3.406360e-01
6.930000e+01, 9.960459e-01, 9.921075e-01, 3.800000e-01, 3.819827e-01, -1.982656e-03, 4.124764e-02, 3.407350e-01
6.940000e+01, 9.960559e-01, 9.921273e-01, 3.800000e-01, 3.819777e-01, -1.977693e-03, 4.114395e-02, 3.408337e-01
6.950000e+01, 9.960658e-01, 9.921471e-01, 3.800000e-01, 3.819727e-01, -1.972742e-03, 4.104052e-02, 3.409322e-01
6.960000e+01, 9.960757e-01, 9.921668e-01, 3.800000e-01, 3.819678e-01, -1.967804e-03, 4.093735e-02, 3.410305e-01
6.970000e+01, 9.960855e-01, 9.921864e-01, 3.800000e-01, 3.819629e-01, -1.962878e-03, 4.083444e-02, 3.411284e-01
6.980000e+01, 9.960954e-01, 9.922060e-01, 3.800000e-01, 3.819580e-01, -1.957964e-03, 4.073179e-02, 3.412262e-01
6.990000e+01, 9.961052e-01, 9.922256e-01, 3.800000e-01, 3.819531e-01, -1.953062e-03, 4.062939e-02, 3.413237e-01
7.000000e+01, 9.961150e-01, 9.922451e-01, 3.800000e-01, 3.819482e-01, -1.948172e-03, 4.052726e-02, 3.414209e-01
7.010000e+01, 9.961248e-01, 9.922645e-01, 3.800000e-01, 3.819433e-01, -1.943295e-03, 4.042537e-02, 3.415179e-01
7.020000e+01, 9.961345e-01, 9.922839e-01, 3.800000e-01, 3.819384e-01, -1.938430e-03, 4.032375e-02, 3.416147e-01
7.030000e+01, 9.961442e-01, 9.923033e-01, 3.800000e-01, 3.819336e-01, -1.933577e-03, 4.022238e-02, 3.417112e-01
7.040000e+01, 9.961539e-01, 9.923226e-01, 3.800000e-01, 3.819287e-01, -1.928736e-03, 4.012127e-02, 3.418075e-01
7.050000e+01, 9.961636e-01, 9.923419e-01, 3.800000e-01, 3.819239e-01, -1.923907e-03, 4.002041e-02, 3.419035e-01
7.060000e+01, 9.961732e-01, 9.923611e-01, 3.800000e-01, 3.819191e-01, -1.919091e-03, 3.991980e-02, 3.419993e-01
7.070000e+01, 9.961828e-01, 9.923803e-01, 3.800000e-01, 3.819143e-01, -1.914286e-03, 3.981945e-02, 3.420948e-01
7.080000e+01, 9.961924e-01, 9.923994e-01, 3.800000e-01, 3.819095e-01, -1.909493e-03, 3.971935e-02, 3.421901e-01
7.090000e+01, 9.962020e-01, 9.924185e-01, 3.800000e-01, 3.819047e-01, -1.904712e-03, 3.961950e-02, 3.422852e-01
7.100000e+01, 9.962116e-01, 9.924375e-01, 3.800000e-01, 3.818999e-01, -1.899944e-03, 3.951990e-02, 3.423800e-01
7.110000e+01, 9.962211e-01, 9.924565e-01, 3.800000e-01, 3.818952e-01, -1.895187e-03, 3.942055e-02, 3.424746e-01
7.120000e+01, 9.962306e-01, 9.924754e-01, 3.800000e-01, 3.818904e-01, -1.890442e-03, 3.932145e-02, 3.425690e-01
7.130000e+01, 9.962401e-01, 9.924943e-01, 3.800000e-01, 3.818857e-01, -1.885708e-03, 3.922260e-02, 3.426631e-01
7.140000e+01, 9.962495e-01, 9.925131e-01, 3.800000e-01, 3.818810e-01, -1.880987e-03, 3.912400e-02, 3.427570e-01
7.150000e+01, 9.962589e-01, 9.925319e-01, 3.800000e-01, 3.818763e-01, -1.876277e-03, 3.902564e-02, 3.428506e-01
7.160000e+01, 9.962683e-01, 9.925506e-01, 3.800000e-01, 3.818716e-01, -1.871580e-03, 3.892754e-02, 3.429440e-01
7.170000e+01, 9.962777e-01, 9.925693e-01, 3.800000e-01, 3.818669e-01, -1.866893e-03, 3.882968e-02, 3.430372e-01
7.180000e+01, 9.962871e-01, 9.925880e-01, 3.800000e-01, 3.818622e-01, -1.862219e-03, 3.873206e-02, 3.431302e-01
7.190000e+01, 9.962964e-01, 9.926066e-01, 3.800000e-01, 3.818576e-01, -1.857556e-03, 3.863469e-02, 3.432229e-01
7.200000e+01, 9.963057e-01, 9.926251e-01, 3.800000e-01, 3.818529e-01, -1.852905e-03, 3.853757e-02, 3.433153e-01
7.210000e+01, 9.963150e-01, 9.926436e-01, 3.800000e-01, 3.818483e-01, -1.848266e-03, 3.844069e-02, 3.434076e-01
7.220000e+01, 9.963243e-01, 9.926621e-01, 3.800000e-01, 3.818436e-01, -1.843638e-03, 3.834405e-02, 3.434996e-01
7.230000e+01, 9.963335e-01, 9.926805e-01, 3.800000e-01, 3.818390e-01, -1.839021e-03, 3.824766e-02, 3.435914e-01
7.240000e+01, 9.963427e-01, 9.926989e-01, 3.800000e-01, 3.818344e-01, -1.834417e-03, 3.815151e-02, 3.436829e-01
7.250000e+01, 9.963519e-01, 9.927172e-01, 3.800000e-01, 3.818298e-01, -1.829823e-03, 3.805560e-02, 3.437742e-01
7.260000e+01, 9.963611e-01, 9.927355e-01, 3.800000e-01, 3.818252e-01, -1.825242e-03, 3.795993e-02, 3.438653e-01
7.270000e+01, 9.963703e-01, 9.927537e-01, 3.800000e-01, 3.818207e-01, -1.820671e-03, 3.786450e-02, 3.439562e-01
7.280000e+01, 9.963794e-01, 9.927719e-01, 3.800000e-01, 3.818161e-01, -1.816112e-03, 3.776931e-02, 3.440468e-01
7.290000e+01, 9.963885e-01, 9.927900e-01, 3.800000e-01, 3.818116e-01, -1.811565e-03, 3.767436e-02, 3.441372e-01
7.300000e+01, 9.963976e-01, 9.928081e-01, 3.800000e-01, 3.818070e-01, -1.807028e-03, 3.757965e-02, 3.442274e-01
7.310000e+01, 9.964066e-01, 9.928261e-01, 3.800000e-01, 3.818025e-01, -1.802504e-03, 3.748518e-02, 3.443173e-01
7.320000e+01, 9.964156e-01, 9.928441e-01, 3.800000e-01, 3.817980e-01, -1.797990e-03, 3.739094e-02, 3.444070e-01
7.330000e+01, 9.964247e-01, 9.928621e-01, 3.800000e-01, 3.817935e-01, -1.793488e-03, 3.729695e-02, 3.444965e-01
7.340000e+01, 9.964336e-01, 9.928800e-01, 3.800000e-01, 3.817890e-01, -1.788997e-03, 3.720318e-02, 3.445858e-01
7.350000e+01, 9.964426e-01, 9.928979e-01, 3.800000e-01, 3.817845e-01, -1.784517e-03, 3.710966e-02, 3.446749e-01
7.360000e+01, 9.964516e-01, 9.929157e-01, 3.800000e-01, 3.817800e-01, -1.780048e-03, 3.701636e-02, 3.447637e-01
7.370000e+01, 9.964605e-01, 9.929335e-01, 3.800000e-01, 3.817756e-01, -1.775590e-03, 3.692331e-02, 3.448523e-01
7.380000e+01, 9.964694e-01, 9.929512e-01, 3.800000e-01, 3.817711e-01, -1.771144e-03, 3.683048e-02, 3.449407e-01
7.390000e+01, 9.964783e-01, 9.929689e-01, 3.800000e-01, 3.817667e-01, -1.766709e-03, 3.673789e-02, 3.450288e-01
7.400000e+01, 9.964871e-01, 9.929866e-01, 3.800000e-01, 3.817623e-01, -1.762285e-03, 3.664554e-02, 3.451167e-01
7.410000e+01, 9.964959e-01, 9.930042e-01, 3.800000e-01, 3.817579e-01, -1.757871e-03, 3.655341e-02, 3.452045e-01
7.420000e+01, 9.965047e-01, 9.930217e-01, 3.800000e-01, 3.817535e-01, -1.753469e-03, 3.646152e-02, 3.452920e-01
7.430000e+01, 9.965135e-01, 9.930392e-01, 3.800000e-01, 3.817491e-01, -1.749078e-03, 3.636986e-02, 3.453792e-01
7.440000e+01, 9.965223e-01, 9.930567e-01, 3.800000e-01, 3.817447e-01, -1.744698e-03, 3.627842e-02, 3.454663e-01
7.450000e+01, 9.965310e-01, 9.930741e-01, 3.800000e-01, 3.817403e-01, -1.740328e-03, 3.618722e-02, 3.455531e-01
7.460000e+01, 9.965398e-01, 9.930915e-01, 3.800000e-01, 3.817360e-01, -1.735970e-03, 3.609625e-02, 3.456397e-01
7.470000e+01, 9.965485e-01, 9.931088e-01, 3.800000e-01, 3.817316e-01, -1.731623e-03, 3.600550e-02, 3.457261e-01
7.480000e+01, 9.965571e-01, 9.931261e-01, 3.800000e-01, 3.817273e-01, -1.727286e-03, 3.591499e-02, 3.458123e-01
7.490000e+01, 9.965658e-01, 9.931434e-01, 3.800000e-01, 3.817230e-01, -1.722960e-03, 3.582470e-02, 3.458983e-01
7.500000e+01, 9.965744e-01, 9.931606e-01, 3.800000e-01, 3.817186e-01, -1.718645e-03, 3.573464e-02, 3.459840e-01
7.510000e+01, 9.965830e-01, 9.931778e-01, 3.800000e-01, 3.817143e-01, -1.714341e-03, 3.564480e-02, 3.460695e-01
7.520000e+01, 9.965916e-01, 9.931949e-01, 3.800000e-01, 3.817100e-01, -1.710047e-03, 3.555519e-02, 3.461549e-01
7.530000e+01, 9.966002e-01, 9.932120e-01, 3.800000e-01, 3.817058e-01, -1.705764e-03, 3.546580e-02, 3.462400e-01
7.540000e+01, 9.966087e-01, 9.932290e-01, 3.800000e-01, 3.817015e-01, -1.701492e-03, 3.537664e-02, 3.463248e-01
7.550000e+01, 9.966173e-01, 9.932460e-01, 3.800000e-01, 3.816972e-01, -1.697231e-03, 3.528771e-02, 3.464095e-01
7.560000e+01, 9.966258e-01, 9.932629e-01, 3.800000e-01, 3.816930e-01, -1.692980e-03, 3.519900e-02, 3.464940e-01
7.570000e+01, 9.966343e-01, 9.932798e-01, 3.800000e-01, 3.816887e-01, -1.688740e-03, 3.511051e-02, 3.465782e-01
7.580000e+01, 9.966427e-01, 9.932967e-01, 3.800000e-01, 3.816845e-01, -1.684510e-03, 3.502224e-02, 3.466623e-01
7.590000e+01, 9.966512e-01, 9.933135e-01, 3.800000e-01, 3.816803e-01, -1.680291e-03, 3.493419e-02, 3.467461e-01
7.600000e+01, 9.966596e-01, 9.933303e-01, 3.800000e-01, 3.816761e-01, -1.676082e-03, 3.484637e-02, 3.468297e-01
7.610000e+01, 9.966680e-01, 9.933471e-01, 3.800000e-01, 3.816719e-01, -1.671884e-03, 3.475876e-02, 3.469131e-01
7.620000e+01, 9.966764e-01, 9.933638e-01, 3.800000e-01, 3.816677e-01, -1.667697e-03, 3.467138e-02, 3.469963e-01
7.630000e+01, 9.966847e-01, 9.933804e-01, 3.800000e-01, 3.816635e-01, -1.663519e-03, 3.458422e-02, 3.470793e-01
7.640000e+01, 9.966930e-01, 9.933970e-01, 3.800000e-01, 3.816594e-01, -1.659353e-03, 3.449727e-02, 3.471621e-01
7.650000e+01, 9.967014e-01, 9.934136e-01, 3.800000e-01, 3.816552e-01, -1.655196e-03, 3.441055e-02, 3.472446e-01
7.660000e+01, 9.967097e-01, 9.934301e-01, 3.800000e-01, 3.816511e-01, -1.651050e-03, 3.432404e-02, 3.473270e-01
7.670000e+01, 9.967179e-01, 9.934466e-01, 3.800000e-01, 3.816469e-01, -1.646915e-03, 3.423775e-02, 3.474092e-01
7.680000e+01, 9.967262e-01, 9.934631e-01, 3.800000e-01, 3.816428e-01, -1.642789e-03, 3.415167e-02, 3.474911e-01
7.690000e+01, 9.967344e-01, 9.934795e-01, 3.800000e-01, 3.816387e-01, -1.638674e-03, 3.406582e-02, 3.475729e-01
7.700000e+01, 9.967426e-01, 9.934958e-01, 3.800000e-01, 3.816346e-01, -1.634570e-03, 3.398017e-02, 3.476544e-01
7.710000e+01, 9.967508e-01, 9.935122e-01, 3.800000e-01, 3.816305e-01, -1.630475e-03, 3.389475e-02, 3.477357e-01
7.720000e+01, 9.967590e-01, 9.935285e-01, 3.800000e-01, 3.816264e-01, -1.626391e-03, 3.380953e-02, 3.478169e-01
7.730000e+01, 9.967671e-01, 9.935447e-01, 3.800000e-01, 3.816223e-01, -1.622317e-03, 3.372454e-02, 3.478978e-01
7.740000e+01, 9.967752e-01, 9.935609e-01, 3.800000e-01, 3.816183e-01, -1.618253e-03, 3.363975e-02, 3.479785e-01
7.750000e+01, 9.967834e-01, 9.935771e-01, 3.800000e-01, 3.816142e-01, -1.614199e-03, 3.355518e-02, 3.480590e-01
7.760000e+01, 9.967914e-01, 9.935932e-01, 3.800000e-01, 3.816102e-01, -1.610155e-03, 3.347082e-02, 3.481393e-01
7.770000e+01, 9.967995e-01, 9.936093e-01, 3.800000e-01, 3.816061e-01, -1.606121e-03, 3.338668e-02, 3.482194e-01
7.780000e+01, 9.968076e-01, 9.936253e-01, 3.800000e-01, 3.816021e-01, -1.602098e-03, 3.330274e-02, 3.482994e-01
7.790000e+01, 9.968156e-01, 9.936413e-01, 3.800000e-01, 3.815981e-01, -1.598084e-03, 3.321902e-02, 3.483791e-01
7.800000e+01, 9.968236e-01, 9.936573e-01, 3.800000e-01, 3.815941e-01, -1.594081e-03, 3.313550e-02, 3.484586e-01
7.810000e+01, 9.968316e-01, 9.936732e-01, 3.800000e-01, 3.815901e-01, -1.590087e-03, 3.305220e-02, 3.485379e-01
7.820000e+01, 9.968395e-01, 9.936891e-01, 3.800000e-01, 3.815861e-01, -1.586104e-03, 3.296910e-02, 3.486170e-01
7.830000e+01, 9.968475e-01, 9.937049e-01, 3.800000e-01, 3.815821e-01, -1.582130e-03, 3.288622e-02, 3.486959e-01
7.840000e+01, 9.968554e-01, 9.937207e-01, 3.800000e-01, 3.815782e-01, -1.578166e-03, 3.280354e-02, 3.487746e-01
7.850000e+01, 9.968633e-01, 9.937365e-01, 3.800000e-01, 3.815742e-01, -1.574212e-03, 3.272107e-02, 3.488531e-01
7.860000e+01, 9.968712e-01, 9.937522e-01, 3.800000e-01, 3.815703e-01, -1.570268e-03, 3.263881e-02, 3.489315e-01
7.870000e+01, 9.968791e-01, 9.937679e-01, 3.800000e-01, 3.815663e-01, -1.566334e-03, 3.255675e-02, 3.490096e-01
7.880000e+01, 9.968869e-01, 9.937835e-01, 3.800000e-01, 3.815624e-01, -1.562410e-03, 3.247490e-02, 3.490875e-01
7.890000e+01, 9.968947e-01, 9.937991e-01, 3.800000e-01, 3.815585e-01, -1.558495e-03, 3.239326e-02, 3.491652e-01
7.900000e+01, 9.969025e-01, 9.938147e-01, 3.800000e-01, 3.815546e-01, -1.554591e-03, 3.231182e-02, 3.492428e-01
7.910000e+01, 9.969103e-01, 9.938302e-01, 3.800000e-01, 3.815507e-01, -1.550696e-03, 3.223059e-02, 3.493201e-01
7.920000e+01, 9.969181e-01, 9.938457e-01, 3.800000e-01, 3.815468e-01, -1.546810e-03, 3.214956e-02, 3.493973e-01
7.930000e+01, 9.969259e-01, 9.938612e-01, 3.800000e-01, 3.815429e-01, -1.542935e-03, 3.206873e-02, 3.494742e-01
7.940000e+01, 9.969336e-01, 9.938766e-01, 3.800000e-01, 3.815391e-01, -1.539069e-03, 3.198811e-02, 3.495510e-01
7.950000e+01, 9.969413e-01, 9.938919e-01, 3.800000e-01, 3.815352e-01, -1.535212e-03, 3.190769e-02, 3.496275e-01
7.960000e+01, 9.969490e-01, 9.939073e-01, 3.800000e-01, 3.815314e-01, -1.531366e-03, 3.182747e-02, 3.497039e-01
7.970000e+01, 9.969566e-01, 9.939226e-01, 3.800000e-01, 3.815275e-01, -1.527529e-03, 3.174745e-02, 3.497801e-01
7.980000e+01, 9.969643e-01, 9.939378e-01, 3.800000e-01, 3.815237e-01, -1.523701e-03, 3.166764e-02, 3.498561e-01
7.990000e+01, 9.969719e-01, 9.939530e-01, 3.800000e-01, 3.815199e-01, -1.519883e-03, 3.158802e-02, 3.499319e-01
8.000000e+01, 9.969795e-01, 9.939682e-01, 3.800000e-01, 3.815161e-01, -1.516075e-03, 3.150861e-02, 3.500075e-01
