0.000000e+00, 1.000000e+00, 5.000000e-01, 2.600000e-01, 2.600000e-01, -0.000000e+00, 0.000000e+00, 2.600000e-01
1.004755e-05, 1.000000e+00, 5.000000e-01, 2.600000e-01, 2.600000e-01, -0.000000e+00, 0.000000e+00, 2.600000e-01
6.028527e-05, 1.000000e+00, 5.000000e-01, 2.600000e-01, 2.600000e-01, -0.000000e+00, 0.000000e+00, 2.600000e-01
3.114739e-04, 1.000000e+00, 5.000000e-01, 2.600000e-01, 2.600000e-01, -0.000000e+00, 0.000000e+00, 2.600000e-01
1.567417e-03, 1.000000e+00, 5.000000e-01, 2.600000e-01, 2.600000e-01, -0.000000e+00, 0.000000e+00, 2.600000e-01
7.847133e-03, 1.000000e+00, 5.000000e-01, 2.600000e-01, 2.600000e-01, -0.000000e+00, 0.000000e+00, 2.600000e-01
3.924571e-02, 1.000000e+00, 5.000000e-01, 2.600000e-01, 2.600000e-01, -0.000000e+00, 0.000000e+00, 2.600000e-01
1.392457e-01, 1.000000e+00, 5.000000e-01, 2.600000e-01, 2.600000e-01, -0.000000e+00, 0.000000e+00, 2.600000e-01
2.392457e-01, 1.000000e+00, 5.000000e-01, 2.600000e-01, 2.600000e-01, -0.000000e+00, 0.000000e+00, 2.600000e-01
3.392457e-01, 1.000000e+00, 5.000000e-01, 2.600000e-01, 2.600000e-01, -0.000000e+00, 0.000000e+00, 2.600000e-01
4.392457e-01, 1.000000e+00, 5.000000e-01, 2.600000e-01, 2.600000e-01, -0.000000e+00, 0.000000e+00, 2.600000e-01
5.392457e-01, 1.000000e+00, 5.000000e-01, 2.600000e-01, 2.600000e-01, -0.000000e+00, 0.000000e+00, 2.600000e-01
6.392457e-01, 1.000000e+00, 5.000000e-01, 2.600000e-01, 2.600000e-01, -0.000000e+00, 0.000000e+00, 2.600000e-01
7.392457e-01, 1.000000e+00, 5.000000e-01, 2.600000e-01, 2.600000e-01, -0.000000e+00, 0.000000e+00, 2.600000e-01
8.392457e-01, 1.000000e+00, 5.000000e-01, 2.600000e-01, 2.600000e-01, -0.000000e+00, 0.000000e+00, 2.600000e-01
9.392457e-01, 1.000000e+00, 5.000000e-01, 2.600000e-01, 2.600000e-01, -0.000000e+00, 0.000000e+00, 2.600000e-01
1.039246e+00, 1.000000e+00, 5.000000e-01, 2.600000e-01, 2.600000e-01, -0.000000e+00, 0.000000e+00, 2.600000e-01
1.139246e+00, 1.000000e+00, 5.000000e-01, 2.600000e-01, 2.600000e-01, -0.000000e+00, 0.000000e+00, 2.600000e-01
1.239246e+00, 1.000000e+00, 5.000000e-01, 2.600000e-01, 2.600000e-01, -0.000000e+00, 0.000000e+00, 2.600000e-01
1.339246e+00, 1.000000e+00, 5.000000e-01, 2.600000e-01, 2.600000e-01, -0.000000e+00, 0.000000e+00, 2.600000e-01
1.439246e+00, 1.000000e+00, 5.000000e-01, 2.600000e-01, 2.600000e-01, -0.000000e+00, 0.000000e+00, 2.600000e-01
1.539246e+00, 1.000000e+00, 5.000000e-01, 2.600000e-01, 2.600000e-01, -0.000000e+00, 0.000000e+00, 2.600000e-01
1.639246e+00, 1.000000e+00, 5.000000e-01, 2.600000e-01, 2.600000e-01, -0.000000e+00, 0.000000e+00, 2.600000e-01
1.739246e+00, 1.000000e+00, 5.000000e-01, 2.600000e-01, 2.600000e-01, -0.000000e+00, 0.000000e+00, 2.600000e-01
1.839246e+00, 1.000000e+00, 5.000000e-01, 2.600000e-01, 2.600000e-01, -0.000000e+00, 0.000000e+00, 2.600000e-01
1.939246e+00, 1.000000e+00, 5.000000e-01, 2.600000e-01, 2.600000e-01, -0.000000e+00, 0.000000e+00, 2.600000e-01
2.039246e+00, 1.000000e+00, 5.000000e-01, 2.600000e-01, 2.600000e-01, -0.000000e+00, 0.000000e+00, 2.600000e-01
2.139246e+00, 1.000000e+00, 5.000000e-01, 2.600000e-01, 2.600000e-01, -0.000000e+00, 0.000000e+00, 2.600000e-01
2.239246e+00, 1.000000e+00, 5.000000e-01, 2.600000e-01, 2.600000e-01, -0.000000e+00, 0.000000e+00, 2.600000e-01
2.339246e+00, 1.000000e+00, 5.000000e-01, 2.600000e-01, 2.600000e-01, -0.000000e+00, 0.000000e+00, 2.600000e-01
2.439246e+00, 1.000000e+00, 5.000000e-01, 2.600000e-01, 2.600000e-01, -0.000000e+00, 0.000000e+00, 2.600000e-01
2.539246e+00, 1.000000e+00, 5.000000e-01, 2.600000e-01, 2.600000e-01, -0.000000e+00, 0.000000e+00, 2.600000e-01
2.639246e+00, 1.000000e+00, 5.000000e-01, 2.600000e-01, 2.600000e-01, -0.000000e+00, 0.000000e+00, 2.600000e-01
2.739246e+00, 1.000000e+00, 5.000000e-01, 2.600000e-01, 2.600000e-01, -0.000000e+00, 0.000000e+00, 2.600000e-01
2.839246e+00, 1.000000e+00, 5.000000e-01, 2.600000e-01, 2.600000e-01, -0.000000e+00, 0.000000e+00, 2.600000e-01
2.939246e+00, 1.000000e+00, 5.000000e-01, 2.600000e-01, 2.600000e-01, -0.000000e+00, 0.000000e+00, 2.600000e-01
3.039246e+00, 1.000000e+00, 5.000000e-01, 2.600000e-01, 2.600000e-01, -0.000000e+00, 0.000000e+00, 2.600000e-01
3.139246e+00, 1.000000e+00, 5.000000e-01, 2.600000e-01, 2.600000e-01, -0.000000e+00, 0.000000e+00, 2.600000e-01
3.239246e+00, 1.000000e+00, 5.000000e-01, 2.600000e-01, 2.600000e-01, -0.000000e+00, 0.000000e+00, 2.600000e-01
3.339246e+00, 1.000000e+00, 5.000000e-01, 2.600000e-01, 2.600000e-01, -0.000000e+00, 0.000000e+00, 2.600000e-01
3.439246e+00, 1.000000e+00, 5.000000e-01, 2.600000e-01, 2.600000e-01, -0.000000e+00, 0.000000e+00, 2.600000e-01
3.539246e+00, 1.000000e+00, 5.000000e-01, 2.600000e-01, 2.600000e-01, -0.000000e+00, 0.000000e+00, 2.600000e-01
3.639246e+00, 1.000000e+00, 5.000000e-01, 2.600000e-01, 2.600000e-01, -0.000000e+00, 0.000000e+00, 2.600000e-01
3.739246e+00, 1.000000e+00, 5.000000e-01, 2.600000e-01, 2.600000e-01, -0.000000e+00, 0.000000e+00, 2.600000e-01
3.839246e+00, 1.000000e+00, 5.000000e-01, 2.600000e-01, 2.600000e-01, -0.000000e+00, 0.000000e+00, 2.600000e-01
3.939246e+00, 1.000000e+00, 5.000000e-01, 2.600000e-01, 2.600000e-01, -0.000000e+00, 0.000000e+00, 2.600000e-01
4.039246e+00, 1.000000e+00, 5.000000e-01, 2.600000e-01, 2.600000e-01, -0.000000e+00, 0.000000e+00, 2.600000e-01
4.139246e+00, 1.000000e+00, 5.000000e-01, 2.600000e-01, 2.600000e-01, -0.000000e+00, 0.000000e+00, 2.600000e-01
4.239246e+00, 1.000000e+00, 5.000000e-01, 2.600000e-01, 2.600000e-01, -0.000000e+00, 0.000000e+00, 2.600000e-01
4.339246e+00, 1.000000e+00, 5.000000e-01, 2.600000e-01, 2.600000e-01, -0.000000e+00, 0.000000e+00, 2.600000e-01
4.439246e+00, 1.000000e+00, 5.000000e-01, 2.600000e-01, 2.600000e-01, -0.000000e+00, 0.000000e+00, 2.600000e-01
4.539246e+00, 1.000000e+00, 5.000000e-01, 2.600000e-01, 2.600000e-01, -0.000000e+00, 0.000000e+00, 2.600000e-01
4.639246e+00, 1.000000e+00, 5.000000e-01, 2.600000e-01, 2.600000e-01, -0.000000e+00, 0.000000e+00, 2.600000e-01
4.739246e+00, 1.000000e+00, 5.000000e-01, 2.600000e-01, 2.600000e-01, -0.000000e+00, 0.000000e+00, 2.600000e-01
4.839246e+00, 1.000000e+00, 5.000000e-01, 2.600000e-01, 2.600000e-01, -0.000000e+00, 0.000000e+00, 2.600000e-01
4.939246e+00, 1.000000e+00, 5.000000e-01, 2.600000e-01, 2.600000e-01, -0.000000e+00, 0.000000e+00, 2.600000e-01
5.039246e+00, 1.000000e+00, 5.000000e-01, 2.600000e-01, 2.600000e-01, -0.000000e+00, 0.000000e+00, 2.600000e-01
5.139246e+00, 1.000000e+00, 5.000000e-01, 2.600000e-01, 2.600000e-01, -0.000000e+00, 0.000000e+00, 2.600000e-01
5.239246e+00, 1.000000e+00, 5.000000e-01, 2.600000e-01, 2.600000e-01, -0.000000e+00, 0.000000e+00, 2.600000e-01
5.339246e+00, 1.000000e+00, 5.000000e-01, 2.600000e-01, 2.600000e-01, -0.000000e+00, 0.000000e+00, 2.600000e-01
5.439246e+00, 1.000000e+00, 5.000000e-01, 2.600000e-01, 2.600000e-01, -0.000000e+00, 0.000000e+00, 2.600000e-01
5.539246e+00, 1.000000e+00, 5.000000e-01, 2.600000e-01, 2.600000e-01, -0.000000e+00, 0.000000e+00, 2.600000e-01
5.639246e+00, 1.000000e+00, 5.000000e-01, 2.600000e-01, 2.600000e-01, -0.000000e+00, 0.000000e+00, 2.600000e-01
5.739246e+00, 1.000000e+00, 5.000000e-01, 2.600000e-01, 2.600000e-01, -0.000000e+00, 0.000000e+00, 2.600000e-01
5.839246e+00, 1.000000e+00, 5.000000e-01, 2.600000e-01, 2.600000e-01, -0.000000e+00, 0.000000e+00, 2.600000e-01
5.939246e+00, 1.000000e+00, 5.000000e-01, 2.600000e-01, 2.600000e-01, -0.000000e+00, 0.000000e+00, 2.600000e-01
6.039246e+00, 1.000000e+00, 5.000000e-01, 2.600000e-01, 2.600000e-01, -0.000000e+00, 0.000000e+00, 2.600000e-01
6.139246e+00, 1.000000e+00, 5.000000e-01, 2.600000e-01, 2.600000e-01, -0.000000e+00, 0.000000e+00, 2.600000e-01
6.239246e+00, 1.000000e+00, 5.000000e-01, 2.600000e-01, 2.600000e-01, -0.000000e+00, 0.000000e+00, 2.600000e-01
6.339246e+00, 1.000000e+00, 5.000000e-01, 2.600000e-01, 2.600000e-01, -0.000000e+00, 0.000000e+00, 2.600000e-01
6.439246e+00, 1.000000e+00, 5.000000e-01, 2.600000e-01, 2.600000e-01, -0.000000e+00, 0.000000e+00, 2.600000e-01
6.539246e+00, 1.000000e+00, 5.000000e-01, 2.600000e-01, 2.600000e-01, -0.000000e+00, 0.000000e+00, 2.600000e-01
6.639246e+00, 1.000000e+00, 5.000000e-01, 2.600000e-01, 2.600000e-01, -0.000000e+00, 0.000000e+00, 2.600000e-01
6.739246e+00, 1.000000e+00, 5.000000e-01, 2.600000e-01, 2.600000e-01, -0.000000e+00, 0.000000e+00, 2.600000e-01
6.839246e+00, 1.000000e+00, 5.000000e-01, 2.600000e-01, 2.600000e-01, -0.000000e+00, 0.000000e+00, 2.600000e-01
6.939246e+00, 1.000000e+00, 5.000000e-01, 2.600000e-01, 2.600000e-01, -0.000000e+00, 0.000000e+00, 2.600000e-01
7.039246e+00, 1.000000e+00, 5.000000e-01, 2.600000e-01, 2.600000e-01, -0.000000e+00, 0.000000e+00, 2.600000e-01
7.139246e+00, 1.000000e+00, 5.000000e-01, 2.600000e-01, 2.600000e-01, -0.000000e+00, 0.000000e+00, 2.600000e-01
7.239246e+00, 1.000000e+00, 5.000000e-01, 2.600000e-01, 2.600000e-01, -0.000000e+00, 0.000000e+00, 2.600000e-01
7.339246e+00, 1.000000e+00, 5.000000e-01, 2.600000e-01, 2.600000e-01, -0.000000e+00, 0.000000e+00, 2.600000e-01
7.439246e+00, 1.000000e+00, 5.000000e-01, 2.600000e-01, 2.600000e-01, -0.000000e+00, 0.000000e+00, 2.600000e-01
7.539246e+00, 1.000000e+00, 5.000000e-01, 2.600000e-01, 2.600000e-01, -0.000000e+00, 0.000000e+00, 2.600000e-01
7.639246e+00, 1.000000e+00, 5.000000e-01, 2.600000e-01, 2.600000e-01, -0.000000e+00, 0.000000e+00, 2.600000e-01
7.739246e+00, 1.000000e+00, 5.000000e-01, 2.600000e-01, 2.600000e-01, -0.000000e+00, 0.000000e+00, 2.600000e-01
7.839246e+00, 1.000000e+00, 5.000000e-01, 2.600000e-01, 2.600000e-01, -0.000000e+00, 0.000000e+00, 2.600000e-01
7.939246e+00, 1.000000e+00, 5.000000e-01, 2.600000e-01, 2.600000e-01, -0.000000e+00, 0.000000e+00, 2.600000e-01
8.039246e+00, 1.000000e+00, 5.000000e-01, 2.600000e-01, 2.600000e-01, -0.000000e+00, 0.000000e+00, 2.600000e-01
8.139246e+00, 1.000000e+00, 5.000000e-01, 2.600000e-01, 2.600000e-01, -0.000000e+00, 0.000000e+00, 2.600000e-01
8.239246e+00, 1.000000e+00, 5.000000e-01, 2.600000e-01, 2.600000e-01, -0.000000e+00, 0.000000e+00, 2.600000e-01
8.339246e+00, 1.000000e+00, 5.000000e-01, 2.600000e-01, 2.600000e-01, -0.000000e+00, 0.000000e+00, 2.600000e-01
8.439246e+00, 1.000000e+00, 5.000000e-01, 2.600000e-01, 2.600000e-01, -0.000000e+00, 0.000000e+00, 2.600000e-01
8.539246e+00, 1.000000e+00, 5.000000e-01, 2.600000e-01, 2.600000e-01, -0.000000e+00, 0.000000e+00, 2.600000e-01
8.639246e+00, 1.000000e+00, 5.000000e-01, 2.600000e-01, 2.600000e-01, -0.000000e+00, 0.000000e+00, 2.600000e-01
8.739246e+00, 1.000000e+00, 5.000000e-01, 2.600000e-01, 2.600000e-01, -0.000000e+00, 0.000000e+00, 2.600000e-01
8.839246e+00, 1.000000e+00, 5.000000e-01, 2.600000e-01, 2.600000e-01, -0.000000e+00, 0.000000e+00, 2.600000e-01
8.939246e+00, 1.000000e+00, 5.000000e-01, 2.600000e-01, 2.600000e-01, -0.000000e+00, 0.000000e+00, 2.600000e-01
9.039246e+00, 1.000000e+00, 5.000000e-01, 2.600000e-01, 2.600000e-01, -0.000000e+00, 0.000000e+00, 2.600000e-01
9.139246e+00, 1.000000e+00, 5.000000e-01, 2.600000e-01, 2.600000e-01, -0.000000e+00, 0.000000e+00, 2.600000e-01
9.239246e+00, 1.000000e+00, 5.000000e-01, 2.600000e-01, 2.600000e-01, -0.000000e+00, 0.000000e+00, 2.600000e-01
9.339246e+00, 1.000000e+00, 5.000000e-01, 2.600000e-01, 2.600000e-01, -0.000000e+00, 0.000000e+00, 2.600000e-01
9.439246e+00, 1.000000e+00, 5.000000e-01, 2.600000e-01, 2.600000e-01, -0.000000e+00, 0.000000e+00, 2.600000e-01
9.539246e+00, 1.000000e+00, 5.000000e-01, 2.600000e-01, 2.600000e-01, -0.000000e+00, 0.000000e+00, 2.600000e-01
9.639246e+00, 1.000000e+00, 5.000000e-01, 2.600000e-01, 2.600000e-01, -0.000000e+00, 0.000000e+00, 2.600000e-01
9.739246e+00, 1.000000e+00, 5.000000e-01, 2.600000e-01, 2.600000e-01, -0.000000e+00, 0.000000e+00, 2.600000e-01
9.839246e+00, 1.000000e+00, 5.000000e-01, 2.600000e-01, 2.600000e-01, -0.000000e+00, 0.000000e+00, 2.600000e-01
9.939246e+00, 1.000000e+00, 5.000000e-01, 2.600000e-01, 2.600000e-01, -0.000000e+00, 0.000000e+00, 2.600000e-01
1.000000e+01, 1.000000e+00, 5.000000e-01, 2.600000e-01, 2.600000e-01, -0.000000e+00, 0.000000e+00, 2.600000e-01
1.000000e+01, 1.000000e+00, 5.000000e-01, 3.800000e-01, 2.600000e-01, 1.200000e-01, 0.000000e+00, 2.600000e-01
1.000000e+01, 1.000000e+00, 5.000000e-01, 3.800000e-01, 2.600000e-01, 1.200000e-01, 0.000000e+00, 2.600000e-01
1.003948e+01, 9.995262e-01, 4.995263e-01, 3.800000e-01, 2.600000e-01, 1.200000e-01, 0.000000e+00, 2.600000e-01
1.007895e+01, 9.990521e-01, 4.990526e-01, 3.800000e-01, 2.600027e-01, 1.199973e-01, 2.657713e-06, 2.600000e-01
1.013846e+01, 9.983373e-01, 4.983387e-01, 3.800000e-01, 2.600731e-01, 1.199269e-01, 7.309642e-05, 2.600000e-01
1.020478e+01, 9.975410e-01, 4.975441e-01, 3.800000e-01, 2.603395e-01, 1.196605e-01, 3.395448e-04, 2.600000e-01
1.029437e+01, 9.964688e-01, 4.964750e-01, 3.800000e-01, 2.611134e-01, 1.188866e-01, 1.113435e-03, 2.600000e-01
1.039437e+01, 9.952819e-01, 4.952930e-01, 3.800000e-01, 2.625927e-01, 1.174073e-01, 2.592736e-03, 2.600000e-01
1.049437e+01, 9.941117e-01, 4.941291e-01, 3.800000e-01, 2.647206e-01, 1.152794e-01, 4.720557e-03, 2.600000e-01
1.059437e+01, 9.929648e-01, 4.929895e-01, 3.800000e-01, 2.674650e-01, 1.125350e-01, 7.465032e-03, 2.600000e-01
1.069437e+01, 9.918470e-01, 4.918803e-01, 3.800000e-01, 2.707817e-01, 1.092183e-01, 1.078167e-02, 2.600000e-01
1.079437e+01, 9.907642e-01, 4.908069e-01, 3.800000e-01, 2.746209e-01, 1.053791e-01, 1.462090e-02, 2.600000e-01
1.089437e+01, 9.897214e-01, 4.897743e-01, 3.800000e-01, 2.789311e-01, 1.010689e-01, 1.893107e-02, 2.600000e-01
1.099437e+01, 9.887233e-01, 4.887869e-01, 3.800000e-01, 2.836597e-01, 9.634030e-02, 2.365970e-02, 2.600000e-01
1.109437e+01, 9.877739e-01, 4.878487e-01, 3.800000e-01, 2.887542e-01, 9.124576e-02, 2.875424e-02, 2.600000e-01
1.119437e+01, 9.868769e-01, 4.869630e-01, 3.800000e-01, 2.941625e-01, 8.583754e-02, 3.416246e-02, 2.600000e-01
1.129437e+01, 9.860353e-01, 4.861328e-01, 3.800000e-01, 2.998328e-01, 8.016717e-02, 3.983283e-02, 2.600000e-01
1.139437e+01, 9.852516e-01, 4.853604e-01, 3.800000e-01, 3.057148e-01, 7.428515e-02, 4.571485e-02, 2.600000e-01
1.149437e+01, 9.845279e-01, 4.846476e-01, 3.800000e-01, 3.117593e-01, 6.824074e-02, 5.175926e-02, 2.600000e-01
1.159437e+01, 9.838658e-01, 4.839959e-01, 3.800000e-01, 3.179184e-01, 6.208164e-02, 5.791836e-02, 2.600000e-01
1.169437e+01, 9.832662e-01, 4.834062e-01, 3.800000e-01, 3.241462e-01, 5.585379e-02, 6.414621e-02, 2.600000e-01
1.179437e+01, 9.827298e-01, 4.828789e-01, 3.800000e-01, 3.303988e-01, 4.960117e-02, 7.039883e-02, 2.600000e-01
1.189437e+01, 9.822567e-01, 4.824141e-01, 3.800000e-01, 3.366344e-01, 4.336560e-02, 7.663440e-02, 2.600000e-01
1.199437e+01, 9.818467e-01, 4.820114e-01, 3.800000e-01, 3.428134e-01, 3.718658e-02, 8.281342e-02, 2.600000e-01
1.209437e+01, 9.814989e-01, 4.816701e-01, 3.800000e-01, 3.488988e-01, 3.110118e-02, 8.889882e-02, 2.600000e-01
1.219437e+01, 9.812125e-01, 4.813890e-01, 3.800000e-01, 3.548561e-01, 2.514389e-02, 9.485611e-02, 2.600000e-01
1.229437e+01, 9.809859e-01, 4.811667e-01, 3.800000e-01, 3.606535e-01, 1.934652e-02, 1.006535e-01, 2.600000e-01
1.239437e+01, 9.808174e-01, 4.810014e-01, 3.800000e-01, 3.662618e-01, 1.373816e-02, 1.062618e-01, 2.600000e-01
1.249437e+01, 9.807050e-01, 4.808912e-01, 3.800000e-01, 3.716549e-01, 8.345133e-03, 1.116549e-01, 2.600000e-01
1.259437e+01, 9.806464e-01, 4.808337e-01, 3.800000e-01, 3.768091e-01, 3.190927e-03, 1.168091e-01, 2.600000e-01
1.269437e+01, 9.806391e-01, 4.808265e-01, 3.800000e-01, 3.817038e-01, -1.703781e-03, 1.217038e-01, 2.600000e-01
1.279437e+01, 9.806802e-01, 4.808669e-01, 3.800000e-01, 3.863211e-01, -6.321121e-03, 1.263211e-01, 2.600000e-01
1.289437e+01, 9.807670e-01, 4.809520e-01, 3.800000e-01, 3.906460e-01, -1.064600e-02, 1.306460e-01, 2.600000e-01
1.299437e+01, 9.808963e-01, 4.810788e-01, 3.800000e-01, 3.946661e-01, -1.466607e-02, 1.346661e-01, 2.600000e-01
1.309437e+01, 9.810650e-01, 4.812442e-01, 3.800000e-01, 3.983716e-01, -1.837163e-02, 1.383716e-01, 2.600000e-01
1.319437e+01, 9.812697e-01, 4.814451e-01, 3.800000e-01, 4.017556e-01, -2.175557e-02, 1.417556e-01, 2.600000e-01
1.329437e+01, 9.815073e-01, 4.816782e-01, 3.800000e-01, 4.048133e-01, -2.481331e-02, 1.448133e-01, 2.600000e-01
1.339437e+01, 9.817742e-01, 4.819403e-01, 3.800000e-01, 4.075426e-01, -2.754262e-02, 1.475426e-01, 2.600000e-01
1.349437e+01, 9.820672e-01, 4.822280e-01, 3.800000e-01, 4.099436e-01, -2.994358e-02, 1.499436e-01, 2.600000e-01
1.359437e+01, 9.823829e-01, 4.825381e-01, 3.800000e-01, 4.120184e-01, -3.201841e-02, 1.520184e-01, 2.600000e-01
1.369437e+01, 9.827180e-01, 4.828673e-01, 3.800000e-01, 4.137714e-01, -3.377136e-02, 1.537714e-01, 2.600000e-01
1.379437e+01, 9.830691e-01, 4.832125e-01, 3.800000e-01, 4.152086e-01, -3.520856e-02, 1.552086e-01, 2.600000e-01
1.389437e+01, 9.834332e-01, 4.835704e-01, 3.800000e-01, 4.163379e-01, -3.633788e-02, 1.563379e-01, 2.600000e-01
1.399437e+01, 9.838071e-01, 4.839382e-01, 3.800000e-01, 4.171688e-01, -3.716878e-02, 1.571688e-01, 2.600000e-01
1.409437e+01, 9.841878e-01, 4.843129e-01, 3.800000e-01, 4.177122e-01, -3.771217e-02, 1.577122e-01, 2.600000e-01
1.419437e+01, 9.845725e-01, 4.846915e-01, 3.800000e-01, 4.179802e-01, -3.798024e-02, 1.579802e-01, 2.600000e-01
1.429437e+01, 9.849585e-01, 4.850716e-01, 3.800000e-01, 4.179863e-01, -3.798631e-02, 1.579863e-01, 2.600000e-01
1.439437e+01, 9.853430e-01, 4.854504e-01, 3.800000e-01, 4.177447e-01, -3.774470e-02, 1.577447e-01, 2.600000e-01
1.449437e+01, 9.857238e-01, 4.858257e-01, 3.800000e-01, 4.172706e-01, -3.727056e-02, 1.572706e-01, 2.600000e-01
1.459437e+01, 9.860985e-01, 4.861951e-01, 3.800000e-01, 4.165797e-01, -3.657973e-02, 1.565797e-01, 2.600000e-01
1.469437e+01, 9.864650e-01, 4.865566e-01, 3.800000e-01, 4.156886e-01, -3.568860e-02, 1.556886e-01, 2.600000e-01
1.479437e+01, 9.868215e-01, 4.869083e-01, 3.800000e-01, 4.146139e-01, -3.461395e-02, 1.546139e-01, 2.600000e-01
1.489437e+01, 9.871660e-01, 4.872484e-01, 3.800000e-01, 4.133728e-01, -3.337284e-02, 1.533728e-01, 2.600000e-01
1.499437e+01, 9.874971e-01, 4.875753e-01, 3.800000e-01, 4.119825e-01, -3.198251e-02, 1.519825e-01, 2.600000e-01
1.509437e+01, 9.878133e-01, 4.878876e-01, 3.800000e-01, 4.104602e-01, -3.046017e-02, 1.504602e-01, 2.600000e-01
1.519437e+01, 9.881134e-01, 4.881841e-01, 3.800000e-01, 4.088230e-01, -2.882297e-02, 1.488230e-01, 2.600000e-01
1.529437e+01, 9.883964e-01, 4.884637e-01, 3.800000e-01, 4.070879e-01, -2.708787e-02, 1.470879e-01, 2.600000e-01
1.539437e+01, 9.886613e-01, 4.887256e-01, 3.800000e-01, 4.052715e-01, -2.527152e-02, 1.452715e-01, 2.600000e-01
1.549437e+01, 9.889074e-01, 4.889689e-01, 3.800000e-01, 4.033902e-01, -2.339018e-02, 1.433902e-01, 2.600000e-01
1.559437e+01, 9.891342e-01, 4.891932e-01, 3.800000e-01, 4.014596e-01, -2.145965e-02, 1.414596e-01, 2.600000e-01
1.569437e+01, 9.893412e-01, 4.893980e-01, 3.800000e-01, 3.994951e-01, -1.949515e-02, 1.394951e-01, 2.600000e-01
1.579437e+01, 9.895282e-01, 4.895830e-01, 3.800000e-01, 3.975113e-01, -1.751131e-02, 1.375113e-01, 2.600000e-01
1.589437e+01, 9.896951e-01, 4.897482e-01, 3.800000e-01, 3.955221e-01, -1.552207e-02, 1.355221e-01, 2.600000e-01
1.599437e+01, 9.898419e-01, 4.898935e-01, 3.800000e-01, 3.935406e-01, -1.354064e-02, 1.335406e-01, 2.600000e-01
1.609437e+01, 9.899688e-01, 4.900191e-01, 3.800000e-01, 3.915795e-01, -1.157945e-02, 1.315795e-01, 2.600000e-01
1.619437e+01, 9.900760e-01, 4.901252e-01, 3.800000e-01, 3.896501e-01, -9.650116e-03, 1.296501e-01, 2.600000e-01
1.629437e+01, 9.901639e-01, 4.902122e-01, 3.800000e-01, 3.877634e-01, -7.763406e-03, 1.277634e-01, 2.600000e-01
1.639437e+01, 9.902330e-01, 4.902806e-01, 3.800000e-01, 3.859292e-01, -5.929227e-03, 1.259292e-01, 2.600000e-01
1.649437e+01, 9.902838e-01, 4.903310e-01, 3.800000e-01, 3.841566e-01, -4.156597e-03, 1.241566e-01, 2.600000e-01
1.659437e+01, 9.903171e-01, 4.903640e-01, 3.800000e-01, 3.824536e-01, -2.453642e-03, 1.224536e-01, 2.600000e-01
1.669437e+01, 9.903336e-01, 4.903804e-01, 3.800000e-01, 3.808276e-01, -8.275925e-04, 1.208276e-01, 2.600000e-01
1.679437e+01, 9.903341e-01, 4.903808e-01, 3.800000e-01, 3.792848e-01, 7.152144e-04, 1.192848e-01, 2.600000e-01
1.689437e+01, 9.903195e-01, 4.903663e-01, 3.800000e-01, 3.778307e-01, 2.169328e-03, 1.178307e-01, 2.600000e-01
1.699437e+01, 9.902906e-01, 4.903378e-01, 3.800000e-01, 3.764698e-01, 3.530168e-03, 1.164698e-01, 2.600000e-01
1.709437e+01, 9.902485e-01, 4.902961e-01, 3.800000e-01, 3.752060e-01, 4.794009e-03, 1.152060e-01, 2.600000e-01
1.719437e+01, 9.901941e-01, 4.902422e-01, 3.800000e-01, 3.740420e-01, 5.957955e-03, 1.140420e-01, 2.600000e-01
1.729437e+01, 9.901285e-01, 4.901772e-01, 3.800000e-01, 3.729801e-01, 7.019913e-03, 1.129801e-01, 2.600000e-01
1.739437e+01, 9.900527e-01, 4.901022e-01, 3.800000e-01, 3.720214e-01, 7.978565e-03, 1.120214e-01, 2.600000e-01
1.749437e+01, 9.899677e-01, 4.900180e-01, 3.800000e-01, 3.711667e-01, 8.833331e-03, 1.111667e-01, 2.600000e-01
1.759437e+01, 9.898746e-01, 4.899258e-01, 3.800000e-01, 3.704157e-01, 9.584334e-03, 1.104157e-01, 2.600000e-01
1.769437e+01, 9.897744e-01, 4.898267e-01, 3.800000e-01, 3.697676e-01, 1.023236e-02, 1.097676e-01, 2.600000e-01
1.779437e+01, 9.896682e-01, 4.897215e-01, 3.800000e-01, 3.692212e-01, 1.077882e-02, 1.092212e-01, 2.600000e-01
1.789437e+01, 9.895569e-01, 4.896114e-01, 3.800000e-01, 3.687743e-01, 1.122571e-02, 1.087743e-01, 2.600000e-01
1.799437e+01, 9.894416e-01, 4.894974e-01, 3.800000e-01, 3.684245e-01, 1.157554e-02, 1.084245e-01, 2.600000e-01
1.809437e+01, 9.893232e-01, 4.893802e-01, 3.800000e-01, 3.681687e-01, 1.183133e-02, 1.081687e-01, 2.600000e-01
1.819437e+01, 9.892027e-01, 4.892610e-01, 3.800000e-01, 3.680035e-01, 1.199654e-02, 1.080035e-01, 2.600000e-01
1.829437e+01, 9.890810e-01, 4.891406e-01, 3.800000e-01, 3.679250e-01, 1.207503e-02, 1.079250e-01, 2.600000e-01
1.839437e+01, 9.889588e-01, 4.890198e-01, 3.800000e-01, 3.679290e-01, 1.207100e-02, 1.079290e-01, 2.600000e-01
1.849437e+01, 9.888371e-01, 4.888994e-01, 3.800000e-01, 3.680110e-01, 1.198896e-02, 1.080110e-01, 2.600000e-01
1.859437e+01, 9.887166e-01, 4.887803e-01, 3.800000e-01, 3.681663e-01, 1.183369e-02, 1.081663e-01, 2.600000e-01
1.869437e+01, 9.885980e-01, 4.886630e-01, 3.800000e-01, 3.683898e-01, 1.161016e-02, 1.083898e-01, 2.600000e-01
1.879437e+01, 9.884819e-01, 4.885483e-01, 3.800000e-01, 3.686764e-01, 1.132355e-02, 1.086764e-01, 2.600000e-01
1.889437e+01, 9.883691e-01, 4.884367e-01, 3.800000e-01, 3.690209e-01, 1.097914e-02, 1.090209e-01, 2.600000e-01
1.899437e+01, 9.882600e-01, 4.883289e-01, 3.800000e-01, 3.694177e-01, 1.058229e-02, 1.094177e-01, 2.600000e-01
1.909437e+01, 9.881551e-01, 4.882252e-01, 3.800000e-01, 3.698616e-01, 1.013842e-02, 1.098616e-01, 2.600000e-01
1.919437e+01, 9.880549e-01, 4.881262e-01, 3.800000e-01, 3.703470e-01, 9.652984e-03, 1.103470e-01, 2.600000e-01
1.929437e+01, 9.879598e-01, 4.880323e-01, 3.800000e-01, 3.708686e-01, 9.131370e-03, 1.108686e-01, 2.600000e-01
1.939437e+01, 9.878701e-01, 4.879437e-01, 3.800000e-01, 3.714211e-01, 8.578929e-03, 1.114211e-01, 2.600000e-01
1.949437e+01, 9.877862e-01, 4.878608e-01, 3.800000e-01, 3.719991e-01, 8.000918e-03, 1.119991e-01, 2.600000e-01
1.959437e+01, 9.877082e-01, 4.877838e-01, 3.800000e-01, 3.725975e-01, 7.402475e-03, 1.125975e-01, 2.600000e-01
1.969437e+01, 9.876364e-01, 4.877128e-01, 3.800000e-01, 3.732114e-01, 6.788590e-03, 1.132114e-01, 2.600000e-01
1.979437e+01, 9.875708e-01, 4.876480e-01, 3.800000e-01, 3.738359e-01, 6.164085e-03, 1.138359e-01, 2.600000e-01
1.989437e+01, 9.875116e-01, 4.875895e-01, 3.800000e-01, 3.744664e-01, 5.533586e-03, 1.144664e-01, 2.600000e-01
1.999437e+01, 9.874587e-01, 4.875374e-01, 3.800000e-01, 3.750985e-01, 4.901509e-03, 1.150985e-01, 2.600000e-01
2.009437e+01, 9.874123e-01, 4.874915e-01, 3.800000e-01, 3.757280e-01, 4.272040e-03, 1.157280e-01, 2.600000e-01
2.019437e+01, 9.873722e-01, 4.874519e-01, 3.800000e-01, 3.763509e-01, 3.649122e-03, 1.163509e-01, 2.600000e-01
2.029437e+01, 9.873383e-01, 4.874185e-01, 3.800000e-01, 3.769636e-01, 3.036438e-03, 1.169636e-01, 2.600000e-01
2.039437e+01, 9.873106e-01, 4.873911e-01, 3.800000e-01, 3.775626e-01, 2.437409e-03, 1.175626e-01, 2.600000e-01
2.049437e+01, 9.872889e-01, 4.873697e-01, 3.800000e-01, 3.781448e-01, 1.855178e-03, 1.181448e-01, 2.600000e-01
2.059437e+01, 9.872730e-01, 4.873539e-01, 3.800000e-01, 3.787074e-01, 1.292610e-03, 1.187074e-01, 2.600000e-01
2.069437e+01, 9.872626e-01, 4.873437e-01, 3.800000e-01, 3.792477e-01, 7.522860e-04, 1.192477e-01, 2.600000e-01
2.079437e+01, 9.872576e-01, 4.873388e-01, 3.800000e-01, 3.797635e-01, 2.365026e-04, 1.197635e-01, 2.600000e-01
2.089437e+01, 9.872577e-01, 4.873389e-01, 3.800000e-01, 3.802527e-01, -2.527281e-04, 1.202527e-01, 2.600000e-01
2.099437e+01, 9.872627e-01, 4.873438e-01, 3.800000e-01, 3.807137e-01, -7.136756e-04, 1.207137e-01, 2.600000e-01
2.109437e+01, 9.872721e-01, 4.873531e-01, 3.800000e-01, 3.811449e-01, -1.144887e-03, 1.211449e-01, 2.600000e-01
2.119437e+01, 9.872857e-01, 4.873666e-01, 3.800000e-01, 3.815452e-01, -1.545183e-03, 1.215452e-01, 2.600000e-01
2.129437e+01, 9.873033e-01, 4.873839e-01, 3.800000e-01, 3.819136e-01, -1.913647e-03, 1.219136e-01, 2.600000e-01
2.139437e+01, 9.873244e-01, 4.874047e-01, 3.800000e-01, 3.822496e-01, -2.249622e-03, 1.222496e-01, 2.600000e-01
2.149437e+01, 9.873488e-01, 4.874288e-01, 3.800000e-01, 3.825527e-01, -2.552694e-03, 1.225527e-01, 2.600000e-01
2.159437e+01, 9.873760e-01, 4.874557e-01, 3.800000e-01, 3.828227e-01, -2.822688e-03, 1.228227e-01, 2.600000e-01
2.169437e+01, 9.874058e-01, 4.874851e-01, 3.800000e-01, 3.830597e-01, -3.059654e-03, 1.230597e-01, 2.600000e-01
2.179437e+01, 9.874379e-01, 4.875168e-01, 3.800000e-01, 3.832639e-01, -3.263851e-03, 1.232639e-01, 2.600000e-01
2.189437e+01, 9.874718e-01, 4.875503e-01, 3.800000e-01, 3.834357e-01, -3.435740e-03, 1.234357e-01, 2.600000e-01
2.199437e+01, 9.875073e-01, 4.875854e-01, 3.800000e-01, 3.835760e-01, -3.575964e-03, 1.235760e-01, 2.600000e-01
2.209437e+01, 9.875441e-01, 4.876217e-01, 3.800000e-01, 3.836853e-01, -3.685339e-03, 1.236853e-01, 2.600000e-01
2.219437e+01, 9.875819e-01, 4.876590e-01, 3.800000e-01, 3.837648e-01, -3.764834e-03, 1.237648e-01, 2.600000e-01
2.229437e+01, 9.876203e-01, 4.876969e-01, 3.800000e-01, 3.838156e-01, -3.815563e-03, 1.238156e-01, 2.600000e-01
2.239437e+01, 9.876591e-01, 4.877352e-01, 3.800000e-01, 3.838388e-01, -3.838764e-03, 1.238388e-01, 2.600000e-01
2.249437e+01, 9.876979e-01, 4.877736e-01, 3.800000e-01, 3.838358e-01, -3.835785e-03, 1.238358e-01, 2.600000e-01
2.259437e+01, 9.877366e-01, 4.878118e-01, 3.800000e-01, 3.838081e-01, -3.808074e-03, 1.238081e-01, 2.600000e-01
2.269437e+01, 9.877750e-01, 4.878497e-01, 3.800000e-01, 3.837572e-01, -3.757157e-03, 1.237572e-01, 2.600000e-01
2.279437e+01, 9.878126e-01, 4.878869e-01, 3.800000e-01, 3.836846e-01, -3.684630e-03, 1.236846e-01, 2.600000e-01
2.289437e+01, 9.878495e-01, 4.879233e-01, 3.800000e-01, 3.835921e-01, -3.592142e-03, 1.235921e-01, 2.600000e-01
2.299437e+01, 9.878853e-01, 4.879587e-01, 3.800000e-01, 3.834814e-01, -3.481381e-03, 1.234814e-01, 2.600000e-01
2.309437e+01, 9.879199e-01, 4.879929e-01, 3.800000e-01, 3.833541e-01, -3.354062e-03, 1.233541e-01, 2.600000e-01
2.319437e+01, 9.879532e-01, 4.880257e-01, 3.800000e-01, 3.832119e-01, -3.211913e-03, 1.232119e-01, 2.600000e-01
2.329437e+01, 9.879849e-01, 4.880571e-01, 3.800000e-01, 3.830567e-01, -3.056665e-03, 1.230567e-01, 2.600000e-01
2.339437e+01, 9.880150e-01, 4.880868e-01, 3.800000e-01, 3.828900e-01, -2.890040e-03, 1.228900e-01, 2.600000e-01
2.349437e+01, 9.880434e-01, 4.881148e-01, 3.800000e-01, 3.827137e-01, -2.713740e-03, 1.227137e-01, 2.600000e-01
2.359437e+01, 9.880699e-01, 4.881411e-01, 3.800000e-01, 3.825294e-01, -2.529435e-03, 1.225294e-01, 2.600000e-01
2.369437e+01, 9.880945e-01, 4.881654e-01, 3.800000e-01, 3.823388e-01, -2.338758e-03, 1.223388e-01, 2.600000e-01
2.379437e+01, 9.881172e-01, 4.881878e-01, 3.800000e-01, 3.821433e-01, -2.143294e-03, 1.221433e-01, 2.600000e-01
2.389437e+01, 9.881379e-01, 4.882083e-01, 3.800000e-01, 3.819446e-01, -1.944571e-03, 1.219446e-01, 2.600000e-01
2.399437e+01, 9.881566e-01, 4.882267e-01, 3.800000e-01, 3.817441e-01, -1.744057e-03, 1.217441e-01, 2.600000e-01
2.409437e+01, 9.881732e-01, 4.882431e-01, 3.800000e-01, 3.815432e-01, -1.543150e-03, 1.215432e-01, 2.600000e-01
2.419437e+01, 9.881878e-01, 4.882576e-01, 3.800000e-01, 3.813432e-01, -1.343176e-03, 1.213432e-01, 2.600000e-01
2.429437e+01, 9.882004e-01, 4.882700e-01, 3.800000e-01, 3.811454e-01, -1.145381e-03, 1.211454e-01, 2.600000e-01
2.439437e+01, 9.882110e-01, 4.882805e-01, 3.800000e-01, 3.809509e-01, -9.509288e-04, 1.209509e-01, 2.600000e-01
2.449437e+01, 9.882197e-01, 4.882890e-01, 3.800000e-01, 3.807609e-01, -7.608996e-04, 1.207609e-01, 2.600000e-01
2.459437e+01, 9.882264e-01, 4.882957e-01, 3.800000e-01, 3.805763e-01, -5.762852e-04, 1.205763e-01, 2.600000e-01
2.469437e+01, 9.882313e-01, 4.883006e-01, 3.800000e-01, 3.803980e-01, -3.979880e-04, 1.203980e-01, 2.600000e-01
2.479437e+01, 9.882345e-01, 4.883037e-01, 3.800000e-01, 3.802268e-01, -2.268206e-04, 1.202268e-01, 2.600000e-01
2.489437e+01, 9.882360e-01, 4.883052e-01, 3.800000e-01, 3.800635e-01, -6.350490e-05, 1.200635e-01, 2.600000e-01
2.499437e+01, 9.882358e-01, 4.883050e-01, 3.800000e-01, 3.799087e-01, 9.132736e-05, 1.199087e-01, 2.600000e-01
2.500000e+01, 9.882358e-01, 4.883050e-01, 3.800000e-01, 3.799002e-01, 9.977499e-05, 1.199002e-01, 2.600000e-01
2.500000e+01, 9.882358e-01, 4.883050e-01, 3.800000e-01, 3.799002e-01, 9.977499e-05, 1.199002e-01, 2.600000e-01
2.500000e+01, 9.882358e-01, 4.883050e-01, 3.800000e-01, 3.799002e-01, 9.977499e-05, 1.199002e-01, 2.600000e-01
2.510000e+01, 9.882355e-01, 4.883047e-01, 3.800000e-01, 3.800491e-01, -4.906695e-05, 1.197550e-01, 2.602941e-01
2.520000e+01, 9.882368e-01, 4.883060e-01, 3.800000e-01, 3.802071e-01, -2.071144e-04, 1.196189e-01, 2.605882e-01
2.530000e+01, 9.882397e-01, 4.883089e-01, 3.800000e-01, 3.803736e-01, -3.736454e-04, 1.194914e-01, 2.608823e-01
2.540000e+01, 9.882444e-01, 4.883135e-01, 3.800000e-01, 3.805473e-01, -5.473003e-04, 1.193711e-01, 2.611762e-01
2.550000e+01, 9.882508e-01, 4.883198e-01, 3.800000e-01, 3.807266e-01, -7.266014e-04, 1.192566e-01, 2.614700e-01
2.560000e+01, 9.882591e-01, 4.883280e-01, 3.800000e-01, 3.809101e-01, -9.100558e-04, 1.191464e-01, 2.617637e-01
2.570000e+01, 9.882692e-01, 4.883380e-01, 3.800000e-01, 3.810962e-01, -1.096201e-03, 1.190391e-01, 2.620571e-01
2.580000e+01, 9.882813e-01, 4.883499e-01, 3.800000e-01, 3.812836e-01, -1.283625e-03, 1.189334e-01, 2.623502e-01
2.590000e+01, 9.882952e-01, 4.883637e-01, 3.800000e-01, 3.814710e-01, -1.470981e-03, 1.188280e-01, 2.626430e-01
2.600000e+01, 9.883110e-01, 4.883794e-01, 3.800000e-01, 3.816570e-01, -1.656988e-03, 1.187216e-01, 2.629354e-01
2.610000e+01, 9.883287e-01, 4.883968e-01, 3.800000e-01, 3.818404e-01, -1.840444e-03, 1.186130e-01, 2.632274e-01
2.620000e+01, 9.883483e-01, 4.884162e-01, 3.800000e-01, 3.820202e-01, -2.020225e-03, 1.185013e-01, 2.635189e-01
2.630000e+01, 9.883696e-01, 4.884372e-01, 3.800000e-01, 3.821953e-01, -2.195291e-03, 1.183853e-01, 2.638100e-01
2.640000e+01, 9.883927e-01, 4.884600e-01, 3.800000e-01, 3.823647e-01, -2.364686e-03, 1.182642e-01, 2.641005e-01
2.650000e+01, 9.884174e-01, 4.884845e-01, 3.800000e-01, 3.825275e-01, -2.527542e-03, 1.181372e-01, 2.643903e-01
2.660000e+01, 9.884438e-01, 4.885106e-01, 3.800000e-01, 3.826831e-01, -2.683081e-03, 1.180035e-01, 2.646796e-01
2.670000e+01, 9.884717e-01, 4.885381e-01, 3.800000e-01, 3.828306e-01, -2.830613e-03, 1.178625e-01, 2.649681e-01
2.680000e+01, 9.885010e-01, 4.885671e-01, 3.800000e-01, 3.829695e-01, -2.969537e-03, 1.177136e-01, 2.652560e-01
2.690000e+01, 9.885317e-01, 4.885975e-01, 3.800000e-01, 3.830993e-01, -3.099341e-03, 1.175563e-01, 2.655431e-01
2.700000e+01, 9.885637e-01, 4.886291e-01, 3.800000e-01, 3.832196e-01, -3.219599e-03, 1.173902e-01, 2.658294e-01
2.710000e+01, 9.885968e-01, 4.886619e-01, 3.800000e-01, 3.833300e-01, -3.329972e-03, 1.172151e-01, 2.661149e-01
2.720000e+01, 9.886310e-01, 4.886957e-01, 3.800000e-01, 3.834302e-01, -3.430203e-03, 1.170307e-01, 2.663995e-01
2.730000e+01, 9.886662e-01, 4.887304e-01, 3.800000e-01, 3.835201e-01, -3.520117e-03, 1.168368e-01, 2.666833e-01
2.740000e+01, 9.887022e-01, 4.887660e-01, 3.800000e-01, 3.835996e-01, -3.599615e-03, 1.166334e-01, 2.669662e-01
2.750000e+01, 9.887390e-01, 4.888024e-01, 3.800000e-01, 3.836687e-01, -3.668672e-03, 1.164205e-01, 2.672482e-01
2.760000e+01, 9.887764e-01, 4.888394e-01, 3.800000e-01, 3.837273e-01, -3.727335e-03, 1.161981e-01, 2.675293e-01
2.770000e+01, 9.888143e-01, 4.888769e-01, 3.800000e-01, 3.837757e-01, -3.775717e-03, 1.159663e-01, 2.678094e-01
2.780000e+01, 9.888527e-01, 4.889149e-01, 3.800000e-01, 3.838140e-01, -3.813992e-03, 1.157255e-01, 2.680885e-01
2.790000e+01, 9.888914e-01, 4.889531e-01, 3.800000e-01, 3.838424e-01, -3.842393e-03, 1.154757e-01, 2.683667e-01
2.800000e+01, 9.889304e-01, 4.889917e-01, 3.800000e-01, 3.838612e-01, -3.861205e-03, 1.152172e-01, 2.686440e-01
2.810000e+01, 9.889695e-01, 4.890303e-01, 3.800000e-01, 3.838708e-01, -3.870763e-03, 1.149506e-01, 2.689202e-01
2.820000e+01, 9.890087e-01, 4.890691e-01, 3.800000e-01, 3.838714e-01, -3.871445e-03, 1.146760e-01, 2.691955e-01
2.830000e+01, 9.890478e-01, 4.891077e-01, 3.800000e-01, 3.838637e-01, -3.863669e-03, 1.143939e-01, 2.694698e-01
2.840000e+01, 9.890868e-01, 4.891463e-01, 3.800000e-01, 3.838479e-01, -3.847886e-03, 1.141048e-01, 2.697431e-01
2.850000e+01, 9.891255e-01, 4.891847e-01, 3.800000e-01, 3.838246e-01, -3.824577e-03, 1.138091e-01, 2.700154e-01
2.860000e+01, 9.891641e-01, 4.892228e-01, 3.800000e-01, 3.837942e-01, -3.794246e-03, 1.135074e-01, 2.702868e-01
2.870000e+01, 9.892022e-01, 4.892605e-01, 3.800000e-01, 3.837574e-01, -3.757421e-03, 1.132002e-01, 2.705572e-01
2.880000e+01, 9.892400e-01, 4.892979e-01, 3.800000e-01, 3.837146e-01, -3.714643e-03, 1.128879e-01, 2.708267e-01
2.890000e+01, 9.892773e-01, 4.893348e-01, 3.800000e-01, 3.836665e-01, -3.666463e-03, 1.125712e-01, 2.710952e-01
2.900000e+01, 9.893141e-01, 4.893712e-01, 3.800000e-01, 3.836134e-01, -3.613441e-03, 1.122506e-01, 2.713628e-01
2.910000e+01, 9.893504e-01, 4.894071e-01, 3.800000e-01, 3.835561e-01, -3.556140e-03, 1.119266e-01, 2.716295e-01
2.920000e+01, 9.893860e-01, 4.894423e-01, 3.800000e-01, 3.834951e-01, -3.495120e-03, 1.115998e-01, 2.718953e-01
2.930000e+01, 9.894210e-01, 4.894770e-01, 3.800000e-01, 3.834309e-01, -3.430938e-03, 1.112707e-01, 2.721602e-01
2.940000e+01, 9.894553e-01, 4.895109e-01, 3.800000e-01, 3.833641e-01, -3.364143e-03, 1.109399e-01, 2.724243e-01
2.950000e+01, 9.894890e-01, 4.895442e-01, 3.800000e-01, 3.832953e-01, -3.295272e-03, 1.106078e-01, 2.726875e-01
2.960000e+01, 9.895219e-01, 4.895768e-01, 3.800000e-01, 3.832248e-01, -3.224848e-03, 1.102750e-01, 2.729498e-01
2.970000e+01, 9.895542e-01, 4.896087e-01, 3.800000e-01, 3.831534e-01, -3.153376e-03, 1.099420e-01, 2.732114e-01
2.980000e+01, 9.895857e-01, 4.896399e-01, 3.800000e-01, 3.830813e-01, -3.081343e-03, 1.096092e-01, 2.734721e-01
2.990000e+01, 9.896164e-01, 4.896704e-01, 3.800000e-01, 3.830092e-01, -3.009215e-03, 1.092771e-01, 2.737321e-01
3.000000e+01, 9.896465e-01, 4.897001e-01, 3.800000e-01, 3.829374e-01, -2.937432e-03, 1.089461e-01, 2.739913e-01
3.010000e+01, 9.896758e-01, 4.897291e-01, 3.800000e-01, 3.828664e-01, -2.866410e-03, 1.086166e-01, 2.742498e-01
3.020000e+01, 9.897044e-01, 4.897574e-01, 3.800000e-01, 3.827965e-01, -2.796540e-03, 1.082890e-01, 2.745075e-01
3.030000e+01, 9.897323e-01, 4.897850e-01, 3.800000e-01, 3.827282e-01, -2.728182e-03, 1.079636e-01, 2.747646e-01
3.040000e+01, 9.897596e-01, 4.898120e-01, 3.800000e-01, 3.826617e-01, -2.661670e-03, 1.076407e-01, 2.750209e-01
3.050000e+01, 9.897861e-01, 4.898383e-01, 3.800000e-01, 3.825973e-01, -2.597306e-03, 1.073207e-01, 2.752766e-01
3.060000e+01, 9.898120e-01, 4.898639e-01, 3.800000e-01, 3.825354e-01, -2.535365e-03, 1.070037e-01, 2.755316e-01
3.070000e+01, 9.898374e-01, 4.898890e-01, 3.800000e-01, 3.824761e-01, -2.476088e-03, 1.066901e-01, 2.757860e-01
3.080000e+01, 9.898621e-01, 4.899135e-01, 3.800000e-01, 3.824197e-01, -2.419690e-03, 1.063799e-01, 2.760398e-01
3.090000e+01, 9.898863e-01, 4.899374e-01, 3.800000e-01, 3.823664e-01, -2.366353e-03, 1.060734e-01, 2.762929e-01
3.100000e+01, 9.899099e-01, 4.899608e-01, 3.800000e-01, 3.823162e-01, -2.316230e-03, 1.057708e-01, 2.765455e-01
3.110000e+01, 9.899331e-01, 4.899837e-01, 3.800000e-01, 3.822694e-01, -2.269446e-03, 1.054720e-01, 2.767974e-01
3.120000e+01, 9.899558e-01, 4.900062e-01, 3.800000e-01, 3.822261e-01, -2.226096e-03, 1.051773e-01, 2.770488e-01
3.130000e+01, 9.899781e-01, 4.900283e-01, 3.800000e-01, 3.821862e-01, -2.186248e-03, 1.048866e-01, 2.772996e-01
3.140000e+01, 9.899999e-01, 4.900499e-01, 3.800000e-01, 3.821499e-01, -2.149944e-03, 1.046000e-01, 2.775499e-01
3.150000e+01, 9.900215e-01, 4.900713e-01, 3.800000e-01, 3.821172e-01, -2.117200e-03, 1.043176e-01, 2.777996e-01
3.160000e+01, 9.900427e-01, 4.900923e-01, 3.800000e-01, 3.820880e-01, -2.088008e-03, 1.040392e-01, 2.780488e-01
3.170000e+01, 9.900637e-01, 4.901131e-01, 3.800000e-01, 3.820623e-01, -2.062336e-03, 1.037648e-01, 2.782975e-01
3.180000e+01, 9.900844e-01, 4.901336e-01, 3.800000e-01, 3.820401e-01, -2.040132e-03, 1.034945e-01, 2.785457e-01
3.190000e+01, 9.901049e-01, 4.901539e-01, 3.800000e-01, 3.820213e-01, -2.021323e-03, 1.032280e-01, 2.787933e-01
3.200000e+01, 9.901252e-01, 4.901740e-01, 3.800000e-01, 3.820058e-01, -2.005818e-03, 1.029654e-01, 2.790404e-01
3.210000e+01, 9.901454e-01, 4.901940e-01, 3.800000e-01, 3.819935e-01, -1.993509e-03, 1.027065e-01, 2.792870e-01
3.220000e+01, 9.901655e-01, 4.902139e-01, 3.800000e-01, 3.819843e-01, -1.984272e-03, 1.024511e-01, 2.795331e-01
3.230000e+01, 9.901855e-01, 4.902337e-01, 3.800000e-01, 3.819780e-01, -1.977970e-03, 1.021992e-01, 2.797788e-01
3.240000e+01, 9.902055e-01, 4.902535e-01, 3.800000e-01, 3.819745e-01, -1.974454e-03, 1.019506e-01, 2.800239e-01
3.250000e+01, 9.902254e-01, 4.902732e-01, 3.800000e-01, 3.819736e-01, -1.973564e-03, 1.017051e-01, 2.802685e-01
3.260000e+01, 9.902454e-01, 4.902929e-01, 3.800000e-01, 3.819751e-01, -1.975130e-03, 1.014625e-01, 2.805126e-01
3.270000e+01, 9.902653e-01, 4.903127e-01, 3.800000e-01, 3.819790e-01, -1.978977e-03, 1.012228e-01, 2.807562e-01
3.280000e+01, 9.902853e-01, 4.903325e-01, 3.800000e-01, 3.819849e-01, -1.984923e-03, 1.009856e-01, 2.809993e-01
3.290000e+01, 9.903054e-01, 4.903524e-01, 3.800000e-01, 3.819928e-01, -1.992783e-03, 1.007508e-01, 2.812419e-01
3.300000e+01, 9.903256e-01, 4.903724e-01, 3.800000e-01, 3.820024e-01, -2.002366e-03, 1.005183e-01, 2.814841e-01
3.310000e+01, 9.903459e-01, 4.903925e-01, 3.800000e-01, 3.820135e-01, -2.013483e-03, 1.002878e-01, 2.817257e-01
3.320000e+01, 9.903662e-01, 4.904127e-01, 3.800000e-01, 3.820259e-01, -2.025942e-03, 1.000592e-01, 2.819668e-01
3.330000e+01, 9.903868e-01, 4.904330e-01, 3.800000e-01, 3.820396e-01, -2.039556e-03, 9.983220e-02, 2.822074e-01
3.340000e+01, 9.904074e-01, 4.904534e-01, 3.800000e-01, 3.820541e-01, -2.054137e-03, 9.960671e-02, 2.824474e-01
3.350000e+01, 9.904283e-01, 4.904741e-01, 3.800000e-01, 3.820695e-01, -2.069501e-03, 9.938252e-02, 2.826870e-01
3.360000e+01, 9.904492e-01, 4.904948e-01, 3.800000e-01, 3.820855e-01, -2.085470e-03, 9.915946e-02, 2.829260e-01
3.370000e+01, 9.904704e-01, 4.905158e-01, 3.800000e-01, 3.821019e-01, -2.101870e-03, 9.893735e-02, 2.831645e-01
3.380000e+01, 9.904917e-01, 4.905369e-01, 3.800000e-01, 3.821185e-01, -2.118534e-03, 9.871604e-02, 2.834025e-01
3.390000e+01, 9.905131e-01, 4.905581e-01, 3.800000e-01, 3.821353e-01, -2.135302e-03, 9.849537e-02, 2.836399e-01
3.400000e+01, 9.905348e-01, 4.905796e-01, 3.800000e-01, 3.821520e-01, -2.152021e-03, 9.827519e-02, 2.838768e-01
3.410000e+01, 9.905566e-01, 4.906012e-01, 3.800000e-01, 3.821685e-01, -2.168548e-03, 9.805536e-02, 2.841132e-01
3.420000e+01, 9.905786e-01, 4.906230e-01, 3.800000e-01, 3.821847e-01, -2.184747e-03, 9.783575e-02, 2.843490e-01
3.430000e+01, 9.906007e-01, 4.906449e-01, 3.800000e-01, 3.822005e-01, -2.200492e-03, 9.761623e-02, 2.845843e-01
3.440000e+01, 9.906230e-01, 4.906670e-01, 3.800000e-01, 3.822157e-01, -2.215668e-03, 9.739670e-02, 2.848190e-01
3.450000e+01, 9.906454e-01, 4.906892e-01, 3.800000e-01, 3.822302e-01, -2.230168e-03, 9.717706e-02, 2.850531e-01
3.460000e+01, 9.906680e-01, 4.907116e-01, 3.800000e-01, 3.822439e-01, -2.243896e-03, 9.695720e-02, 2.852867e-01
3.470000e+01, 9.906907e-01, 4.907341e-01, 3.800000e-01, 3.822568e-01, -2.256766e-03, 9.673706e-02, 2.855197e-01
3.480000e+01, 9.907136e-01, 4.907567e-01, 3.800000e-01, 3.822687e-01, -2.268703e-03, 9.651655e-02, 2.857522e-01
3.490000e+01, 9.907365e-01, 4.907794e-01, 3.800000e-01, 3.822796e-01, -2.279640e-03, 9.629561e-02, 2.859840e-01
3.500000e+01, 9.907596e-01, 4.908023e-01, 3.800000e-01, 3.822895e-01, -2.289523e-03, 9.607420e-02, 2.862153e-01
3.510000e+01, 9.907827e-01, 4.908252e-01, 3.800000e-01, 3.822983e-01, -2.298305e-03, 9.585226e-02, 2.864460e-01
3.520000e+01, 9.908060e-01, 4.908482e-01, 3.800000e-01, 3.823060e-01, -2.305952e-03, 9.562976e-02, 2.866762e-01
3.530000e+01, 9.908293e-01, 4.908713e-01, 3.800000e-01, 3.823124e-01, -2.312437e-03, 9.540669e-02, 2.869057e-01
3.540000e+01, 9.908527e-01, 4.908945e-01, 3.800000e-01, 3.823177e-01, -2.317742e-03, 9.518302e-02, 2.871347e-01
3.550000e+01, 9.908761e-01, 4.909177e-01, 3.800000e-01, 3.823219e-01, -2.321860e-03, 9.495874e-02, 2.873631e-01
3.560000e+01, 9.908995e-01, 4.909409e-01, 3.800000e-01, 3.823248e-01, -2.324789e-03, 9.473387e-02, 2.875909e-01
3.570000e+01, 9.909230e-01, 4.909642e-01, 3.800000e-01, 3.823265e-01, -2.326539e-03, 9.450840e-02, 2.878181e-01
3.580000e+01, 9.909465e-01, 4.909875e-01, 3.800000e-01, 3.823271e-01, -2.327125e-03, 9.428235e-02, 2.880448e-01
3.590000e+01, 9.909699e-01, 4.910107e-01, 3.800000e-01, 3.823266e-01, -2.326567e-03, 9.405575e-02, 2.882708e-01
3.600000e+01, 9.909934e-01, 4.910340e-01, 3.800000e-01, 3.823249e-01, -2.324897e-03, 9.382862e-02, 2.884963e-01
3.610000e+01, 9.910169e-01, 4.910572e-01, 3.800000e-01, 3.823221e-01, -2.322147e-03, 9.360100e-02, 2.887211e-01
3.620000e+01, 9.910403e-01, 4.910804e-01, 3.800000e-01, 3.823184e-01, -2.318359e-03, 9.337293e-02, 2.889454e-01
3.630000e+01, 9.910636e-01, 4.911036e-01, 3.800000e-01, 3.823136e-01, -2.313576e-03, 9.314444e-02, 2.891691e-01
3.640000e+01, 9.910870e-01, 4.911267e-01, 3.800000e-01, 3.823078e-01, -2.307849e-03, 9.291560e-02, 2.893922e-01
3.650000e+01, 9.911102e-01, 4.911497e-01, 3.800000e-01, 3.823012e-01, -2.301229e-03, 9.268645e-02, 2.896148e-01
3.660000e+01, 9.911334e-01, 4.911727e-01, 3.800000e-01, 3.822938e-01, -2.293774e-03, 9.245704e-02, 2.898367e-01
3.670000e+01, 9.911565e-01, 4.911956e-01, 3.800000e-01, 3.822855e-01, -2.285542e-03, 9.222743e-02, 2.900581e-01
3.680000e+01, 9.911795e-01, 4.912184e-01, 3.800000e-01, 3.822766e-01, -2.276594e-03, 9.199768e-02, 2.902789e-01
3.690000e+01, 9.912024e-01, 4.912411e-01, 3.800000e-01, 3.822670e-01, -2.266993e-03, 9.176785e-02, 2.904991e-01
3.700000e+01, 9.912253e-01, 4.912638e-01, 3.800000e-01, 3.822568e-01, -2.256801e-03, 9.153801e-02, 2.907188e-01
3.710000e+01, 9.912480e-01, 4.912863e-01, 3.800000e-01, 3.822461e-01, -2.246084e-03, 9.130821e-02, 2.909379e-01
3.720000e+01, 9.912706e-01, 4.913087e-01, 3.800000e-01, 3.822349e-01, -2.234906e-03, 9.107851e-02, 2.911564e-01
3.730000e+01, 9.912931e-01, 4.913310e-01, 3.800000e-01, 3.822233e-01, -2.223332e-03, 9.084898e-02, 2.913743e-01
3.740000e+01, 9.913154e-01, 4.913531e-01, 3.800000e-01, 3.822114e-01, -2.211424e-03, 9.061968e-02, 2.915917e-01
3.750000e+01, 9.913377e-01, 4.913752e-01, 3.800000e-01, 3.821992e-01, -2.199245e-03, 9.039067e-02, 2.918086e-01
3.760000e+01, 9.913598e-01, 4.913971e-01, 3.800000e-01, 3.821869e-01, -2.186857e-03, 9.016200e-02, 2.920249e-01
3.770000e+01, 9.913818e-01, 4.914189e-01, 3.800000e-01, 3.821743e-01, -2.174319e-03, 8.993373e-02, 2.922406e-01
3.780000e+01, 9.914037e-01, 4.914406e-01, 3.800000e-01, 3.821617e-01, -2.161688e-03, 8.970592e-02, 2.924558e-01
3.790000e+01, 9.914254e-01, 4.914622e-01, 3.800000e-01, 3.821490e-01, -2.149020e-03, 8.947861e-02, 2.926704e-01
3.800000e+01, 9.914470e-01, 4.914836e-01, 3.800000e-01, 3.821364e-01, -2.136366e-03, 8.925186e-02, 2.928845e-01
3.810000e+01, 9.914685e-01, 4.915049e-01, 3.800000e-01, 3.821238e-01, -2.123777e-03, 8.902572e-02, 2.930981e-01
3.820000e+01, 9.914899e-01, 4.915261e-01, 3.800000e-01, 3.821113e-01, -2.111300e-03, 8.880022e-02, 2.933111e-01
3.830000e+01, 9.915111e-01, 4.915471e-01, 3.800000e-01, 3.820990e-01, -2.098978e-03, 8.857541e-02, 2.935236e-01
3.840000e+01, 9.915322e-01, 4.915680e-01, 3.800000e-01, 3.820869e-01, -2.086851e-03, 8.835133e-02, 2.937355e-01
3.850000e+01, 9.915532e-01, 4.915889e-01, 3.800000e-01, 3.820750e-01, -2.074957e-03, 8.812800e-02, 2.939470e-01
3.860000e+01, 9.915740e-01, 4.916095e-01, 3.800000e-01, 3.820633e-01, -2.063330e-03, 8.790546e-02, 2.941579e-01
3.870000e+01, 9.915948e-01, 4.916301e-01, 3.800000e-01, 3.820520e-01, -2.051999e-03, 8.768374e-02, 2.943683e-01
3.880000e+01, 9.916154e-01, 4.916506e-01, 3.800000e-01, 3.820410e-01, -2.040993e-03, 8.746286e-02, 2.945781e-01
3.890000e+01, 9.916360e-01, 4.916709e-01, 3.800000e-01, 3.820303e-01, -2.030333e-03, 8.724285e-02, 2.947875e-01
3.900000e+01, 9.916564e-01, 4.916912e-01, 3.800000e-01, 3.820200e-01, -2.020041e-03, 8.702371e-02, 2.949963e-01
3.910000e+01, 9.916767e-01, 4.917113e-01, 3.800000e-01, 3.820101e-01, -2.010132e-03, 8.680546e-02, 2.952047e-01
3.920000e+01, 9.916969e-01, 4.917314e-01, 3.800000e-01, 3.820006e-01, -2.000620e-03, 8.658812e-02, 2.954125e-01
3.930000e+01, 9.917171e-01, 4.917514e-01, 3.800000e-01, 3.819915e-01, -1.991515e-03, 8.637169e-02, 2.956198e-01
3.940000e+01, 9.917371e-01, 4.917712e-01, 3.800000e-01, 3.819828e-01, -1.982824e-03, 8.615618e-02, 2.958266e-01
3.950000e+01, 9.917570e-01, 4.917910e-01, 3.800000e-01, 3.819746e-01, -1.974551e-03, 8.594158e-02, 2.960330e-01
3.960000e+01, 9.917769e-01, 4.918107e-01, 3.800000e-01, 3.819667e-01, -1.966697e-03, 8.572790e-02, 2.962388e-01
3.970000e+01, 9.917967e-01, 4.918304e-01, 3.800000e-01, 3.819593e-01, -1.959259e-03, 8.551514e-02, 2.964441e-01
3.980000e+01, 9.918164e-01, 4.918499e-01, 3.800000e-01, 3.819522e-01, -1.952235e-03, 8.530328e-02, 2.966490e-01
3.990000e+01, 9.918361e-01, 4.918694e-01, 3.800000e-01, 3.819456e-01, -1.945616e-03, 8.509231e-02, 2.968533e-01
4.000000e+01, 9.918557e-01, 4.918888e-01, 3.800000e-01, 3.819394e-01, -1.939394e-03, 8.488224e-02, 2.970572e-01
4.010000e+01, 9.918752e-01, 4.919082e-01, 3.800000e-01, 3.819336e-01, -1.933559e-03, 8.467304e-02, 2.972605e-01
4.020000e+01, 9.918946e-01, 4.919275e-01, 3.800000e-01, 3.819281e-01, -1.928096e-03, 8.446470e-02, 2.974634e-01
4.030000e+01, 9.919141e-01, 4.919468e-01, 3.800000e-01, 3.819230e-01, -1.922992e-03, 8.425720e-02, 2.976658e-01
4.040000e+01, 9.919334e-01, 4.919660e-01, 3.800000e-01, 3.819182e-01, -1.918230e-03, 8.405054e-02, 2.978677e-01
4.050000e+01, 9.919527e-01, 4.919851e-01, 3.800000e-01, 3.819138e-01, -1.913793e-03, 8.384468e-02, 2.980691e-01
4.060000e+01, 9.919720e-01, 4.920042e-01, 3.800000e-01, 3.819097e-01, -1.909662e-03, 8.363960e-02, 2.982701e-01
4.070000e+01, 9.919912e-01, 4.920233e-01, 3.800000e-01, 3.819058e-01, -1.905817e-03, 8.343530e-02, 2.984705e-01
4.080000e+01, 9.920104e-01, 4.920424e-01, 3.800000e-01, 3.819022e-01, -1.902239e-03, 8.323174e-02, 2.986705e-01
4.090000e+01, 9.920296e-01, 4.920614e-01, 3.800000e-01, 3.818989e-01, -1.898905e-03, 8.302891e-02, 2.988700e-01
4.100000e+01, 9.920487e-01, 4.920803e-01, 3.800000e-01, 3.818958e-01, -1.895795e-03, 8.282678e-02, 2.990690e-01
4.110000e+01, 9.920678e-01, 4.920993e-01, 3.800000e-01, 3.818929e-01, -1.892887e-03, 8.262533e-02, 2.992676e-01
4.120000e+01, 9.920869e-01, 4.921182e-01, 3.800000e-01, 3.818902e-01, -1.890159e-03, 8.242453e-02, 2.994656e-01
4.130000e+01, 9.921059e-01, 4.921371e-01, 3.800000e-01, 3.818876e-01, -1.887589e-03, 8.222437e-02, 2.996632e-01
4.140000e+01, 9.921249e-01, 4.921559e-01, 3.800000e-01, 3.818852e-01, -1.885155e-03, 8.202482e-02, 2.998603e-01
4.150000e+01, 9.921439e-01, 4.921748e-01, 3.800000e-01, 3.818828e-01, -1.882837e-03, 8.182587e-02, 3.000570e-01
4.160000e+01, 9.921629e-01, 4.921936e-01, 3.800000e-01, 3.818806e-01, -1.880613e-03, 8.162748e-02, 3.002531e-01
4.170000e+01, 9.921818e-01, 4.922124e-01, 3.800000e-01, 3.818785e-01, -1.878463e-03, 8.142964e-02, 3.004488e-01
4.180000e+01, 9.922008e-01, 4.922312e-01, 3.800000e-01, 3.818764e-01, -1.876367e-03, 8.123232e-02, 3.006440e-01
4.190000e+01, 9.922197e-01, 4.922499e-01, 3.800000e-01, 3.818743e-01, -1.874306e-03, 8.103552e-02, 3.008388e-01
4.200000e+01, 9.922385e-01, 4.922687e-01, 3.800000e-01, 3.818723e-01, -1.872262e-03, 8.083920e-02, 3.010331e-01
4.210000e+01, 9.922574e-01, 4.922874e-01, 3.800000e-01, 3.818702e-01, -1.870217e-03, 8.064336e-02, 3.012269e-01
4.220000e+01, 9.922762e-01, 4.923061e-01, 3.800000e-01, 3.818682e-01, -1.868156e-03, 8.044796e-02, 3.014202e-01
4.230000e+01, 9.922950e-01, 4.923247e-01, 3.800000e-01, 3.818661e-01, -1.866064e-03, 8.025301e-02, 3.016131e-01
4.240000e+01, 9.923138e-01, 4.923434e-01, 3.800000e-01, 3.818639e-01, -1.863925e-03, 8.005849e-02, 3.018054e-01
4.250000e+01, 9.923326e-01, 4.923620e-01, 3.800000e-01, 3.818617e-01, -1.861728e-03, 7.986437e-02, 3.019974e-01
4.260000e+01, 9.923514e-01, 4.923806e-01, 3.800000e-01, 3.818595e-01, -1.859460e-03, 7.967065e-02, 3.021888e-01
4.270000e+01, 9.923701e-01, 4.923992e-01, 3.800000e-01, 3.818571e-01, -1.857110e-03, 7.947732e-02, 3.023798e-01
4.280000e+01, 9.923888e-01, 4.924178e-01, 3.800000e-01, 3.818547e-01, -1.854669e-03, 7.928436e-02, 3.025703e-01
4.290000e+01, 9.924075e-01, 4.924363e-01, 3.800000e-01, 3.818521e-01, -1.852128e-03, 7.909178e-02, 3.027604e-01
4.300000e+01, 9.924261e-01, 4.924548e-01, 3.800000e-01, 3.818495e-01, -1.849480e-03, 7.889955e-02, 3.029499e-01
4.310000e+01, 9.924447e-01, 4.924733e-01, 3.800000e-01, 3.818467e-01, -1.846720e-03, 7.870767e-02, 3.031390e-01
4.320000e+01, 9.924633e-01, 4.924917e-01, 3.800000e-01, 3.818438e-01, -1.843842e-03, 7.851615e-02, 3.033277e-01
4.330000e+01, 9.924819e-01, 4.925102e-01, 3.800000e-01, 3.818408e-01, -1.840842e-03, 7.832496e-02, 3.035159e-01
4.340000e+01, 9.925004e-01, 4.925285e-01, 3.800000e-01, 3.818377e-01, -1.837717e-03, 7.813412e-02, 3.037036e-01
4.350000e+01, 9.925189e-01, 4.925469e-01, 3.800000e-01, 3.818345e-01, -1.834466e-03, 7.794361e-02, 3.038909e-01
4.360000e+01, 9.925374e-01, 4.925652e-01, 3.800000e-01, 3.818311e-01, -1.831089e-03, 7.775343e-02, 3.040777e-01
4.370000e+01, 9.925558e-01, 4.925835e-01, 3.800000e-01, 3.818276e-01, -1.827584e-03, 7.756359e-02, 3.042640e-01
4.380000e+01, 9.925742e-01, 4.926018e-01, 3.800000e-01, 3.818240e-01, -1.823954e-03, 7.737409e-02, 3.044499e-01
4.390000e+01, 9.925926e-01, 4.926200e-01, 3.800000e-01, 3.818202e-01, -1.820200e-03, 7.718492e-02, 3.046353e-01
4.400000e+01, 9.926109e-01, 4.926382e-01, 3.800000e-01, 3.818163e-01, -1.816325e-03, 7.699609e-02, 3.048202e-01
4.410000e+01, 9.926292e-01, 4.926563e-01, 3.800000e-01, 3.818123e-01, -1.812332e-03, 7.680760e-02, 3.050047e-01
4.420000e+01, 9.926474e-01, 4.926744e-01, 3.800000e-01, 3.818082e-01, -1.808226e-03, 7.661945e-02, 3.051888e-01
4.430000e+01, 9.926656e-01, 4.926925e-01, 3.800000e-01, 3.818040e-01, -1.804011e-03, 7.643165e-02, 3.053724e-01
4.440000e+01, 9.926838e-01, 4.927105e-01, 3.800000e-01, 3.817997e-01, -1.799692e-03, 7.624419e-02, 3.055555e-01
4.450000e+01, 9.927019e-01, 4.927285e-01, 3.800000e-01, 3.817953e-01, -1.795276e-03, 7.605710e-02, 3.057382e-01
4.460000e+01, 9.927199e-01, 4.927464e-01, 3.800000e-01, 3.817908e-01, -1.790767e-03, 7.587036e-02, 3.059204e-01
4.470000e+01, 9.927379e-01, 4.927643e-01, 3.800000e-01, 3.817862e-01, -1.786174e-03, 7.568399e-02, 3.061022e-01
4.480000e+01, 9.927559e-01, 4.927821e-01, 3.800000e-01, 3.817815e-01, -1.781502e-03, 7.549799e-02, 3.062835e-01
4.490000e+01, 9.927738e-01, 4.927999e-01, 3.800000e-01, 3.817768e-01, -1.776758e-03, 7.531237e-02, 3.064644e-01
4.500000e+01, 9.927917e-01, 4.928177e-01, 3.800000e-01, 3.817720e-01, -1.771950e-03, 7.512713e-02, 3.066448e-01
4.510000e+01, 9.928095e-01, 4.928354e-01, 3.800000e-01, 3.817671e-01, -1.767086e-03, 7.494228e-02, 3.068248e-01
4.520000e+01, 9.928273e-01, 4.928530e-01, 3.800000e-01, 3.817622e-01, -1.762171e-03, 7.475783e-02, 3.070043e-01
4.530000e+01, 9.928450e-01, 4.928706e-01, 3.800000e-01, 3.817572e-01, -1.757214e-03, 7.457378e-02, 3.071834e-01
4.540000e+01, 9.928627e-01, 4.928882e-01, 3.800000e-01, 3.817522e-01, -1.752222e-03, 7.439013e-02, 3.073621e-01
4.550000e+01, 9.928803e-01, 4.929057e-01, 3.800000e-01, 3.817472e-01, -1.747203e-03, 7.420690e-02, 3.075403e-01
4.560000e+01, 9.928979e-01, 4.929231e-01, 3.800000e-01, 3.817422e-01, -1.742163e-03, 7.402409e-02, 3.077181e-01
4.570000e+01, 9.929154e-01, 4.929405e-01, 3.800000e-01, 3.817371e-01, -1.737109e-03, 7.384170e-02, 3.078954e-01
4.580000e+01, 9.929329e-01, 4.929579e-01, 3.800000e-01, 3.817320e-01, -1.732048e-03, 7.365974e-02, 3.080723e-01
4.590000e+01, 9.929503e-01, 4.929751e-01, 3.800000e-01, 3.817270e-01, -1.726986e-03, 7.347822e-02, 3.082488e-01
4.600000e+01, 9.929677e-01, 4.929924e-01, 3.800000e-01, 3.817219e-01, -1.721930e-03, 7.329714e-02, 3.084248e-01
4.610000e+01, 9.929850e-01, 4.930096e-01, 3.800000e-01, 3.817169e-01, -1.716886e-03, 7.311650e-02, 3.086004e-01
4.620000e+01, 9.930022e-01, 4.930267e-01, 3.800000e-01, 3.817119e-01, -1.711860e-03, 7.293632e-02, 3.087755e-01
4.630000e+01, 9.930195e-01, 4.930438e-01, 3.800000e-01, 3.817069e-01, -1.706855e-03, 7.275658e-02, 3.089503e-01
4.640000e+01, 9.930366e-01, 4.930609e-01, 3.800000e-01, 3.817019e-01, -1.701878e-03, 7.257731e-02, 3.091246e-01
4.650000e+01, 9.930537e-01, 4.930779e-01, 3.800000e-01, 3.816969e-01, -1.696934e-03, 7.239849e-02, 3.092984e-01
4.660000e+01, 9.930708e-01, 4.930948e-01, 3.800000e-01, 3.816920e-01, -1.692025e-03, 7.222014e-02, 3.094719e-01
4.670000e+01, 9.930878e-01, 4.931117e-01, 3.800000e-01, 3.816872e-01, -1.687156e-03, 7.204226e-02, 3.096449e-01
4.680000e+01, 9.931048e-01, 4.931285e-01, 3.800000e-01, 3.816823e-01, -1.682330e-03, 7.186484e-02, 3.098175e-01
4.690000e+01, 9.931217e-01, 4.931453e-01, 3.800000e-01, 3.816776e-01, -1.677551e-03, 7.168789e-02, 3.099897e-01
4.700000e+01, 9.931386e-01, 4.931621e-01, 3.800000e-01, 3.816728e-01, -1.672820e-03, 7.151141e-02, 3.101614e-01
4.710000e+01, 9.931554e-01, 4.931788e-01, 3.800000e-01, 3.816681e-01, -1.668140e-03, 7.133541e-02, 3.103327e-01
4.720000e+01, 9.931722e-01, 4.931955e-01, 3.800000e-01, 3.816635e-01, -1.663513e-03, 7.115987e-02, 3.105036e-01
4.730000e+01, 9.931889e-01, 4.932121e-01, 3.800000e-01, 3.816589e-01, -1.658940e-03, 7.098481e-02, 3.106741e-01
4.740000e+01, 9.932056e-01, 4.932286e-01, 3.800000e-01, 3.816544e-01, -1.654422e-03, 7.081023e-02, 3.108442e-01
4.750000e+01, 9.932222e-01, 4.932452e-01, 3.800000e-01, 3.816500e-01, -1.649961e-03, 7.063611e-02, 3.110138e-01
4.760000e+01, 9.932388e-01, 4.932616e-01, 3.800000e-01, 3.816456e-01, -1.645555e-03, 7.046247e-02, 3.111831e-01
4.770000e+01, 9.932553e-01, 4.932781e-01, 3.800000e-01, 3.816412e-01, -1.641206e-03, 7.028930e-02, 3.113519e-01
4.780000e+01, 9.932718e-01, 4.932945e-01, 3.800000e-01, 3.816369e-01, -1.636913e-03, 7.011659e-02, 3.115203e-01
4.790000e+01, 9.932883e-01, 4.933108e-01, 3.800000e-01, 3.816327e-01, -1.632676e-03, 6.994436e-02, 3.116883e-01
4.800000e+01, 9.933047e-01, 4.933271e-01, 3.800000e-01, 3.816285e-01, -1.628493e-03, 6.977259e-02, 3.118559e-01
4.810000e+01, 9.933211e-01, 4.933434e-01, 3.800000e-01, 3.816244e-01, -1.624363e-03, 6.960128e-02, 3.120231e-01
4.820000e+01, 9.933374e-01, 4.933596e-01, 3.800000e-01, 3.816203e-01, -1.620286e-03, 6.943043e-02, 3.121899e-01
4.830000e+01, 9.933537e-01, 4.933758e-01, 3.800000e-01, 3.816163e-01, -1.616259e-03, 6.926005e-02, 3.123562e-01
4.840000e+01, 9.933700e-01, 4.933919e-01, 3.800000e-01, 3.816123e-01, -1.612282e-03, 6.909011e-02, 3.125222e-01
4.850000e+01, 9.933862e-01, 4.934080e-01, 3.800000e-01, 3.816084e-01, -1.608351e-03, 6.892063e-02, 3.126877e-01
4.860000e+01, 9.934023e-01, 4.934241e-01, 3.800000e-01, 3.816045e-01, -1.604466e-03, 6.875161e-02, 3.128529e-01
4.870000e+01, 9.934185e-01, 4.934401e-01, 3.800000e-01, 3.816006e-01, -1.600623e-03, 6.858302e-02, 3.130176e-01
4.880000e+01, 9.934346e-01, 4.934561e-01, 3.800000e-01, 3.815968e-01, -1.596821e-03, 6.841488e-02, 3.131819e-01
4.890000e+01, 9.934506e-01, 4.934721e-01, 3.800000e-01, 3.815931e-01, -1.593056e-03, 6.824718e-02, 3.133459e-01
4.900000e+01, 9.934666e-01, 4.934880e-01, 3.800000e-01, 3.815893e-01, -1.589328e-03, 6.807992e-02, 3.135094e-01
4.910000e+01, 9.934826e-01, 4.935038e-01, 3.800000e-01, 3.815856e-01, -1.585633e-03, 6.791309e-02, 3.136725e-01
4.920000e+01, 9.934986e-01, 4.935197e-01, 3.800000e-01, 3.815820e-01, -1.581968e-03, 6.774669e-02, 3.138353e-01
4.930000e+01, 9.935145e-01, 4.935355e-01, 3.800000e-01, 3.815783e-01, -1.578332e-03, 6.758072e-02, 3.139976e-01
4.940000e+01, 9.935303e-01, 4.935513e-01, 3.800000e-01, 3.815747e-01, -1.574722e-03, 6.741517e-02, 3.141596e-01
4.950000e+01, 9.935462e-01, 4.935670e-01, 3.800000e-01, 3.815711e-01, -1.571134e-03, 6.725004e-02, 3.143211e-01
4.960000e+01, 9.935620e-01, 4.935827e-01, 3.800000e-01, 3.815676e-01, -1.567568e-03, 6.708532e-02, 3.144822e-01
4.970000e+01, 9.935777e-01, 4.935983e-01, 3.800000e-01, 3.815640e-01, -1.564020e-03, 6.692102e-02, 3.146430e-01
4.980000e+01, 9.935934e-01, 4.936140e-01, 3.800000e-01, 3.815605e-01, -1.560487e-03, 6.675713e-02, 3.148034e-01
4.990000e+01, 9.936091e-01, 4.936295e-01, 3.800000e-01, 3.815570e-01, -1.556969e-03, 6.659364e-02, 3.149633e-01
5.000000e+01, 9.936248e-01, 4.936451e-01, 3.800000e-01, 3.815535e-01, -1.553462e-03, 6.643056e-02, 3.151229e-01
5.010000e+01, 9.936404e-01, 4.936606e-01, 3.800000e-01, 3.815500e-01, -1.549965e-03, 6.626787e-02, 3.152821e-01
5.020000e+01, 9.936560e-01, 4.936761e-01, 3.800000e-01, 3.815465e-01, -1.546475e-03, 6.610559e-02, 3.154409e-01
5.030000e+01, 9.936715e-01, 4.936915e-01, 3.800000e-01, 3.815430e-01, -1.542991e-03, 6.594370e-02, 3.155993e-01
5.040000e+01, 9.936870e-01, 4.937070e-01, 3.800000e-01, 3.815395e-01, -1.539511e-03, 6.578220e-02, 3.157573e-01
5.050000e+01, 9.937025e-01, 4.937223e-01, 3.800000e-01, 3.815360e-01, -1.536033e-03, 6.562109e-02, 3.159149e-01
5.060000e+01, 9.937179e-01, 4.937377e-01, 3.800000e-01, 3.815326e-01, -1.532556e-03, 6.546037e-02, 3.160722e-01
5.070000e+01, 9.937333e-01, 4.937530e-01, 3.800000e-01, 3.815291e-01, -1.529078e-03, 6.530003e-02, 3.162290e-01
5.080000e+01, 9.937487e-01, 4.937683e-01, 3.800000e-01, 3.815256e-01, -1.525599e-03, 6.514008e-02, 3.163855e-01
5.090000e+01, 9.937641e-01, 4.937835e-01, 3.800000e-01, 3.815221e-01, -1.522117e-03, 6.498051e-02, 3.165416e-01
5.100000e+01, 9.937794e-01, 4.937987e-01, 3.800000e-01, 3.815186e-01, -1.518631e-03, 6.482131e-02, 3.166973e-01
5.110000e+01, 9.937946e-01, 4.938139e-01, 3.800000e-01, 3.815151e-01, -1.515140e-03, 6.466250e-02, 3.168526e-01
5.120000e+01, 9.938098e-01, 4.938290e-01, 3.800000e-01, 3.815116e-01, -1.511644e-03, 6.450406e-02, 3.170076e-01
5.130000e+01, 9.938250e-01, 4.938441e-01, 3.800000e-01, 3.815081e-01, -1.508143e-03, 6.434599e-02, 3.171621e-01
5.140000e+01, 9.938402e-01, 4.938592e-01, 3.800000e-01, 3.815046e-01, -1.504635e-03, 6.418830e-02, 3.173163e-01
5.150000e+01, 9.938553e-01, 4.938742e-01, 3.800000e-01, 3.815011e-01, -1.501120e-03, 6.403098e-02, 3.174701e-01
5.160000e+01, 9.938704e-01, 4.938892e-01, 3.800000e-01, 3.814976e-01, -1.497599e-03, 6.387403e-02, 3.176236e-01
5.170000e+01, 9.938855e-01, 4.939041e-01, 3.800000e-01, 3.814941e-01, -1.494070e-03, 6.371745e-02, 3.177766e-01
5.180000e+01, 9.939005e-01, 4.939191e-01, 3.800000e-01, 3.814905e-01, -1.490535e-03, 6.356124e-02, 3.179293e-01
5.190000e+01, 9.939154e-01, 4.939340e-01, 3.800000e-01, 3.814870e-01, -1.486993e-03, 6.340540e-02, 3.180816e-01
5.200000e+01, 9.939304e-01, 4.939488e-01, 3.800000e-01, 3.814834e-01, -1.483445e-03, 6.324992e-02, 3.182335e-01
5.210000e+01, 9.939453e-01, 4.939636e-01, 3.800000e-01, 3.814799e-01, -1.479890e-03, 6.309481e-02, 3.183851e-01
5.220000e+01, 9.939602e-01, 4.939784e-01, 3.800000e-01, 3.814763e-01, -1.476329e-03, 6.294007e-02, 3.185363e-01
5.230000e+01, 9.939750e-01, 4.939932e-01, 3.800000e-01, 3.814728e-01, -1.472763e-03, 6.278569e-02, 3.186871e-01
5.240000e+01, 9.939898e-01, 4.940079e-01, 3.800000e-01, 3.814692e-01, -1.469192e-03, 6.263168e-02, 3.188375e-01
5.250000e+01, 9.940046e-01, 4.940225e-01, 3.800000e-01, 3.814656e-01, -1.465617e-03, 6.247804e-02, 3.189876e-01
5.260000e+01, 9.940193e-01, 4.940372e-01, 3.800000e-01, 3.814620e-01, -1.462039e-03, 6.232476e-02, 3.191373e-01
5.270000e+01, 9.940340e-01, 4.940518e-01, 3.800000e-01, 3.814585e-01, -1.458457e-03, 6.217184e-02, 3.192866e-01
5.280000e+01, 9.940486e-01, 4.940663e-01, 3.800000e-01, 3.814549e-01, -1.454873e-03, 6.201929e-02, 3.194356e-01
5.290000e+01, 9.940633e-01, 4.940809e-01, 3.800000e-01, 3.814513e-01, -1.451288e-03, 6.186710e-02, 3.195842e-01
5.300000e+01, 9.940778e-01, 4.940954e-01, 3.800000e-01, 3.814477e-01, -1.447702e-03, 6.171528e-02, 3.197324e-01
5.310000e+01, 9.940924e-01, 4.941098e-01, 3.800000e-01, 3.814441e-01, -1.444116e-03, 6.156382e-02, 3.198803e-01
5.320000e+01, 9.941069e-01, 4.941243e-01, 3.800000e-01, 3.814405e-01, -1.440531e-03, 6.141273e-02, 3.200278e-01
5.330000e+01, 9.941214e-01, 4.941386e-01, 3.800000e-01, 3.814369e-01, -1.436948e-03, 6.126200e-02, 3.201749e-01
5.340000e+01, 9.941358e-01, 4.941530e-01, 3.800000e-01, 3.814334e-01, -1.433367e-03, 6.111163e-02, 3.203217e-01
5.350000e+01, 9.941502e-01, 4.941673e-01, 3.800000e-01, 3.814298e-01, -1.429790e-03, 6.096163e-02, 3.204682e-01
5.360000e+01, 9.941646e-01, 4.941816e-01, 3.800000e-01, 3.814262e-01, -1.426217e-03, 6.081199e-02, 3.206142e-01
5.370000e+01, 9.941789e-01, 4.941958e-01, 3.800000e-01, 3.814226e-01, -1.422649e-03, 6.066272e-02, 3.207599e-01
5.380000e+01, 9.941932e-01, 4.942100e-01, 3.800000e-01, 3.814191e-01, -1.419087e-03, 6.051381e-02, 3.209053e-01
5.390000e+01, 9.942074e-01, 4.942242e-01, 3.800000e-01, 3.814155e-01, -1.415532e-03, 6.036526e-02, 3.210503e-01
5.400000e+01, 9.942217e-01, 4.942383e-01, 3.800000e-01, 3.814120e-01, -1.411984e-03, 6.021707e-02, 3.211949e-01
5.410000e+01, 9.942358e-01, 4.942525e-01, 3.800000e-01, 3.814084e-01, -1.408443e-03, 6.006925e-02, 3.213392e-01
5.420000e+01, 9.942500e-01, 4.942665e-01, 3.800000e-01, 3.814049e-01, -1.404912e-03, 5.992179e-02, 3.214831e-01
5.430000e+01, 9.942641e-01, 4.942806e-01, 3.800000e-01, 3.814014e-01, -1.401389e-03, 5.977470e-02, 3.216267e-01
5.440000e+01, 9.942782e-01, 4.942945e-01, 3.800000e-01, 3.813979e-01, -1.397877e-03, 5.962796e-02, 3.217699e-01
5.450000e+01, 9.942922e-01, 4.943085e-01, 3.800000e-01, 3.813944e-01, -1.394374e-03, 5.948159e-02, 3.219128e-01
5.460000e+01, 9.943062e-01, 4.943224e-01, 3.800000e-01, 3.813909e-01, -1.390883e-03, 5.933558e-02, 3.220553e-01
5.470000e+01, 9.943202e-01, 4.943363e-01, 3.800000e-01, 3.813874e-01, -1.387403e-03, 5.918993e-02, 3.221975e-01
5.480000e+01, 9.943341e-01, 4.943502e-01, 3.800000e-01, 3.813839e-01, -1.383934e-03, 5.904464e-02, 3.223393e-01
5.490000e+01, 9.943480e-01, 4.943640e-01, 3.800000e-01, 3.813805e-01, -1.380478e-03, 5.889971e-02, 3.224808e-01
5.500000e+01, 9.943619e-01, 4.943778e-01, 3.800000e-01, 3.813770e-01, -1.377034e-03, 5.875514e-02, 3.226219e-01
5.510000e+01, 9.943757e-01, 4.943915e-01, 3.800000e-01, 3.813736e-01, -1.373602e-03, 5.861093e-02, 3.227627e-01
5.520000e+01, 9.943895e-01, 4.944053e-01, 3.800000e-01, 3.813702e-01, -1.370184e-03, 5.846708e-02, 3.229031e-01
5.530000e+01, 9.944033e-01, 4.944189e-01, 3.800000e-01, 3.813668e-01, -1.366778e-03, 5.832358e-02, 3.230432e-01
5.540000e+01, 9.944170e-01, 4.944326e-01, 3.800000e-01, 3.813634e-01, -1.363386e-03, 5.818044e-02, 3.231829e-01
5.550000e+01, 9.944307e-01, 4.944462e-01, 3.800000e-01, 3.813600e-01, -1.360007e-03, 5.803766e-02, 3.233223e-01
5.560000e+01, 9.944444e-01, 4.944598e-01, 3.800000e-01, 3.813566e-01, -1.356641e-03, 5.789523e-02, 3.234614e-01
5.570000e+01, 9.944580e-01, 4.944733e-01, 3.800000e-01, 3.813533e-01, -1.353289e-03, 5.775316e-02, 3.236001e-01
5.580000e+01, 9.944716e-01, 4.944869e-01, 3.800000e-01, 3.813499e-01, -1.349950e-03, 5.761144e-02, 3.237385e-01
5.590000e+01, 9.944851e-01, 4.945003e-01, 3.800000e-01, 3.813466e-01, -1.346624e-03, 5.747008e-02, 3.238765e-01
5.600000e+01, 9.944987e-01, 4.945138e-01, 3.800000e-01, 3.813433e-01, -1.343311e-03, 5.732906e-02, 3.240143e-01
5.610000e+01, 9.945122e-01, 4.945272e-01, 3.800000e-01, 3.813400e-01, -1.340012e-03, 5.718840e-02, 3.241516e-01
5.620000e+01, 9.945256e-01, 4.945406e-01, 3.800000e-01, 3.813367e-01, -1.336725e-03, 5.704808e-02, 3.242886e-01
5.630000e+01, 9.945390e-01, 4.945539e-01, 3.800000e-01, 3.813335e-01, -1.333452e-03, 5.690812e-02, 3.244253e-01
5.640000e+01, 9.945524e-01, 4.945673e-01, 3.800000e-01, 3.813302e-01, -1.330191e-03, 5.676850e-02, 3.245617e-01
5.650000e+01, 9.945658e-01, 4.945806e-01, 3.800000e-01, 3.813269e-01, -1.326942e-03, 5.662923e-02, 3.246977e-01
5.660000e+01, 9.945791e-01, 4.945938e-01, 3.800000e-01, 3.813237e-01, -1.323705e-03, 5.649030e-02, 3.248334e-01
5.670000e+01, 9.945924e-01, 4.946070e-01, 3.800000e-01, 3.813205e-01, -1.320480e-03, 5.635172e-02, 3.249688e-01
5.680000e+01, 9.946057e-01, 4.946202e-01, 3.800000e-01, 3.813173e-01, -1.317267e-03, 5.621348e-02, 3.251038e-01
5.690000e+01, 9.946189e-01, 4.946334e-01, 3.800000e-01, 3.813141e-01, -1.314065e-03, 5.607559e-02, 3.252385e-01
5.700000e+01, 9.946321e-01, 4.946465e-01, 3.800000e-01, 3.813109e-01, -1.310874e-03, 5.593804e-02, 3.253728e-01
5.710000e+01, 9.946453e-01, 4.946596e-01, 3.800000e-01, 3.813077e-01, -1.307694e-03, 5.580082e-02, 3.255069e-01
5.720000e+01, 9.946584e-01, 4.946727e-01, 3.800000e-01, 3.813045e-01, -1.304525e-03, 5.566395e-02, 3.256406e-01
5.730000e+01, 9.946715e-01, 4.946857e-01, 3.800000e-01, 3.813014e-01, -1.301365e-03, 5.552741e-02, 3.257740e-01
5.740000e+01, 9.946846e-01, 4.946987e-01, 3.800000e-01, 3.812982e-01, -1.298216e-03, 5.539121e-02, 3.259070e-01
5.750000e+01, 9.946976e-01, 4.947116e-01, 3.800000e-01, 3.812951e-01, -1.295076e-03, 5.525535e-02, 3.260397e-01
5.760000e+01, 9.947106e-01, 4.947246e-01, 3.800000e-01, 3.812919e-01, -1.291945e-03, 5.511982e-02, 3.261721e-01
5.770000e+01, 9.947236e-01, 4.947375e-01, 3.800000e-01, 3.812888e-01, -1.288823e-03, 5.498463e-02, 3.263042e-01
5.780000e+01, 9.947365e-01, 4.947504e-01, 3.800000e-01, 3.812857e-01, -1.285709e-03, 5.484976e-02, 3.264359e-01
5.790000e+01, 9.947494e-01, 4.947632e-01, 3.800000e-01, 3.812826e-01, -1.282605e-03, 5.471523e-02, 3.265674e-01
5.800000e+01, 9.947623e-01, 4.947760e-01, 3.800000e-01, 3.812795e-01, -1.279508e-03, 5.458103e-02, 3.266985e-01
5.810000e+01, 9.947751e-01, 4.947888e-01, 3.800000e-01, 3.812764e-01, -1.276419e-03, 5.444716e-02, 3.268293e-01
5.820000e+01, 9.947880e-01, 4.948015e-01, 3.800000e-01, 3.812733e-01, -1.273337e-03, 5.431362e-02, 3.269597e-01
5.830000e+01, 9.948007e-01, 4.948143e-01, 3.800000e-01, 3.812703e-01, -1.270263e-03, 5.418040e-02, 3.270899e-01
5.840000e+01, 9.948135e-01, 4.948269e-01, 3.800000e-01, 3.812672e-01, -1.267196e-03, 5.404752e-02, 3.272197e-01
5.850000e+01, 9.948262e-01, 4.948396e-01, 3.800000e-01, 3.812641e-01, -1.264136e-03, 5.391495e-02, 3.273492e-01
5.860000e+01, 9.948389e-01, 4.948522e-01, 3.800000e-01, 3.812611e-01, -1.261083e-03, 5.378271e-02, 3.274784e-01
5.870000e+01, 9.948516e-01, 4.948648e-01, 3.800000e-01, 3.812580e-01, -1.258036e-03, 5.365080e-02, 3.276072e-01
5.880000e+01, 9.948642e-01, 4.948774e-01, 3.800000e-01, 3.812550e-01, -1.254996e-03, 5.351920e-02, 3.277358e-01
5.890000e+01, 9.948768e-01, 4.948899e-01, 3.800000e-01, 3.812520e-01, -1.251962e-03, 5.338793e-02, 3.278640e-01
5.900000e+01, 9.948894e-01, 4.949024e-01, 3.800000e-01, 3.812489e-01, -1.248934e-03, 5.325698e-02, 3.279920e-01
5.910000e+01, 9.949019e-01, 4.949149e-01, 3.800000e-01, 3.812459e-01, -1.245911e-03, 5.312635e-02, 3.281196e-01
5.920000e+01, 9.949144e-01, 4.949273e-01, 3.800000e-01, 3.812429e-01, -1.242895e-03, 5.299604e-02, 3.282469e-01
5.930000e+01, 9.949269e-01, 4.949398e-01, 3.800000e-01, 3.812399e-01, -1.239884e-03, 5.286604e-02, 3.283738e-01
5.940000e+01, 9.949393e-01, 4.949521e-01, 3.800000e-01, 3.812369e-01, -1.236879e-03, 5.273637e-02, 3.285005e-01
5.950000e+01, 9.949518e-01, 4.949645e-01, 3.800000e-01, 3.812339e-01, -1.233880e-03, 5.260700e-02, 3.286269e-01
5.960000e+01, 9.949641e-01, 4.949768e-01, 3.800000e-01, 3.812309e-01, -1.230886e-03, 5.247796e-02, 3.287529e-01
5.970000e+01, 9.949765e-01, 4.949891e-01, 3.800000e-01, 3.812279e-01, -1.227898e-03, 5.234923e-02, 3.288787e-01
5.980000e+01, 9.949888e-01, 4.950014e-01, 3.800000e-01, 3.812249e-01, -1.224915e-03, 5.222081e-02, 3.290041e-01
5.990000e+01, 9.950011e-01, 4.950136e-01, 3.800000e-01, 3.812219e-01, -1.221938e-03, 5.209271e-02, 3.291292e-01
6.000000e+01, 9.950134e-01, 4.950258e-01, 3.800000e-01, 3.812190e-01, -1.218966e-03, 5.196492e-02, 3.292540e-01
6.010000e+01, 9.950256e-01, 4.950380e-01, 3.800000e-01, 3.812160e-01, -1.215999e-03, 5.183744e-02, 3.293786e-01
6.020000e+01, 9.950378e-01, 4.950501e-01, 3.800000e-01, 3.812130e-01, -1.213038e-03, 5.171027e-02, 3.295028e-01
6.030000e+01, 9.950500e-01, 4.950623e-01, 3.800000e-01, 3.812101e-01, -1.210083e-03, 5.158342e-02, 3.296267e-01
6.040000e+01, 9.950621e-01, 4.950743e-01, 3.800000e-01, 3.812071e-01, -1.207133e-03, 5.145687e-02, 3.297503e-01
6.050000e+01, 9.950743e-01, 4.950864e-01, 3.800000e-01, 3.812042e-01, -1.204189e-03, 5.133063e-02, 3.298736e-01
6.060000e+01, 9.950863e-01, 4.950984e-01, 3.800000e-01, 3.812013e-01, -1.201251e-03, 5.120470e-02, 3.299966e-01
6.070000e+01, 9.950984e-01, 4.951104e-01, 3.800000e-01, 3.811983e-01, -1.198318e-03, 5.107907e-02, 3.301192e-01
6.080000e+01, 9.951104e-01, 4.951224e-01, 3.800000e-01, 3.811954e-01, -1.195391e-03, 5.095376e-02, 3.302416e-01
6.090000e+01, 9.951224e-01, 4.951343e-01, 3.800000e-01, 3.811925e-01, -1.192470e-03, 5.082875e-02, 3.303637e-01
6.100000e+01, 9.951344e-01, 4.951462e-01, 3.800000e-01, 3.811896e-01, -1.189555e-03, 5.070404e-02, 3.304855e-01
6.110000e+01, 9.951463e-01, 4.951581e-01, 3.800000e-01, 3.811866e-01, -1.186646e-03, 5.057964e-02, 3.306070e-01
6.120000e+01, 9.951582e-01, 4.951700e-01, 3.800000e-01, 3.811837e-01, -1.183743e-03, 5.045555e-02, 3.307282e-01
6.130000e+01, 9.951701e-01, 4.951818e-01, 3.800000e-01, 3.811808e-01, -1.180846e-03, 5.033176e-02, 3.308491e-01
6.140000e+01, 9.951820e-01, 4.951936e-01, 3.800000e-01, 3.811780e-01, -1.177956e-03, 5.020827e-02, 3.309697e-01
6.150000e+01, 9.951938e-01, 4.952054e-01, 3.800000e-01, 3.811751e-01, -1.175072e-03, 5.008508e-02, 3.310900e-01
6.160000e+01, 9.952056e-01, 4.952171e-01, 3.800000e-01, 3.811722e-01, -1.172194e-03, 4.996219e-02, 3.312100e-01
6.170000e+01, 9.952174e-01, 4.952288e-01, 3.800000e-01, 3.811693e-01, -1.169322e-03, 4.983961e-02, 3.313297e-01
6.180000e+01, 9.952291e-01, 4.952405e-01, 3.800000e-01, 3.811665e-01, -1.166458e-03, 4.971733e-02, 3.314491e-01
6.190000e+01, 9.952408e-01, 4.952521e-01, 3.800000e-01, 3.811636e-01, -1.163600e-03, 4.959534e-02, 3.315683e-01
6.200000e+01, 9.952525e-01, 4.952637e-01, 3.800000e-01, 3.811607e-01, -1.160748e-03, 4.947366e-02, 3.316871e-01
6.210000e+01, 9.952641e-01, 4.952753e-01, 3.800000e-01, 3.811579e-01, -1.157904e-03, 4.935227e-02, 3.318056e-01
6.220000e+01, 9.952757e-01, 4.952869e-01, 3.800000e-01, 3.811551e-01, -1.155066e-03, 4.923118e-02, 3.319239e-01
6.230000e+01, 9.952873e-01, 4.952984e-01, 3.800000e-01, 3.811522e-01, -1.152235e-03, 4.911039e-02, 3.320418e-01
6.240000e+01, 9.952989e-01, 4.953099e-01, 3.800000e-01, 3.811494e-01, -1.149411e-03, 4.898989e-02, 3.321595e-01
6.250000e+01, 9.953104e-01, 4.953214e-01, 3.800000e-01, 3.811466e-01, -1.146594e-03, 4.886969e-02, 3.322769e-01
6.260000e+01, 9.953219e-01, 4.953329e-01, 3.800000e-01, 3.811438e-01, -1.143784e-03, 4.874979e-02, 3.323940e-01
6.270000e+01, 9.953334e-01, 4.953443e-01, 3.800000e-01, 3.811410e-01, -1.140981e-03, 4.863018e-02, 3.325108e-01
6.280000e+01, 9.953449e-01, 4.953557e-01, 3.800000e-01, 3.811382e-01, -1.138186e-03, 4.851086e-02, 3.326273e-01
6.290000e+01, 9.953563e-01, 4.953671e-01, 3.800000e-01, 3.811354e-01, -1.135397e-03, 4.839184e-02, 3.327436e-01
6.300000e+01, 9.953677e-01, 4.953784e-01, 3.800000e-01, 3.811326e-01, -1.132616e-03, 4.827310e-02, 3.328595e-01
6.310000e+01, 9.953790e-01, 4.953897e-01, 3.800000e-01, 3.811298e-01, -1.129842e-03, 4.815466e-02, 3.329752e-01
6.320000e+01, 9.953904e-01, 4.954010e-01, 3.800000e-01, 3.811271e-01, -1.127075e-03, 4.803651e-02, 3.330906e-01
6.330000e+01, 9.954017e-01, 4.954123e-01, 3.800000e-01, 3.811243e-01, -1.124316e-03, 4.791866e-02, 3.332057e-01
6.340000e+01, 9.954130e-01, 4.954235e-01, 3.800000e-01, 3.811216e-01, -1.121563e-03, 4.780109e-02, 3.333205e-01
6.350000e+01, 9.954242e-01, 4.954347e-01, 3.800000e-01, 3.811188e-01, -1.118818e-03, 4.768381e-02, 3.334350e-01
6.360000e+01, 9.954355e-01, 4.954459e-01, 3.800000e-01, 3.811161e-01, -1.116080e-03, 4.756682e-02, 3.335493e-01
6.370000e+01, 9.954466e-01, 4.954570e-01, 3.800000e-01, 3.811133e-01, -1.113350e-03, 4.745011e-02, 3.336632e-01
6.380000e+01, 9.954578e-01, 4.954681e-01, 3.800000e-01, 3.811106e-01, -1.110626e-03, 4.733369e-02, 3.337769e-01
6.390000e+01, 9.954690e-01, 4.954792e-01, 3.800000e-01, 3.811079e-01, -1.107910e-03, 4.721756e-02, 3.338903e-01
6.400000e+01, 9.954801e-01, 4.954903e-01, 3.800000e-01, 3.811052e-01, -1.105201e-03, 4.710172e-02, 3.340035e-01
6.410000e+01, 9.954912e-01, 4.955013e-01, 3.800000e-01, 3.811025e-01, -1.102499e-03, 4.698615e-02, 3.341163e-01
6.420000e+01, 9.955022e-01, 4.955123e-01, 3.800000e-01, 3.810998e-01, -1.099805e-03, 4.687088e-02, 3.342289e-01
6.430000e+01, 9.955133e-01, 4.955233e-01, 3.800000e-01, 3.810971e-01, -1.097117e-03, 4.675588e-02, 3.343412e-01
6.440000e+01, 9.955243e-01, 4.955343e-01, 3.800000e-01, 3.810944e-01, -1.094437e-03, 4.664117e-02, 3.344533e-01
6.450000e+01, 9.955353e-01, 4.955452e-01, 3.800000e-01, 3.810918e-01, -1.091763e-03, 4.652674e-02, 3.345650e-01
6.460000e+01, 9.955462e-01, 4.955561e-01, 3.800000e-01, 3.810891e-01, -1.089097e-03, 4.641260e-02, 3.346765e-01
6.470000e+01, 9.955571e-01, 4.955670e-01, 3.800000e-01, 3.810864e-01, -1.086437e-03, 4.629873e-02, 3.347877e-01
6.480000e+01, 9.955680e-01, 4.955779e-01, 3.800000e-01, 3.810838e-01, -1.083785e-03, 4.618514e-02, 3.348986e-01
6.490000e+01, 9.955789e-01, 4.955887e-01, 3.800000e-01, 3.810811e-01, -1.081139e-03, 4.607183e-02, 3.350093e-01
6.500000e+01, 9.955897e-01, 4.955995e-01, 3.800000e-01, 3.810785e-01, -1.078500e-03, 4.595880e-02, 3.351197e-01
6.510000e+01, 9.956006e-01, 4.956102e-01, 3.800000e-01, 3.810759e-01, -1.075868e-03, 4.584605e-02, 3.352298e-01
6.520000e+01, 9.956114e-01, 4.956210e-01, 3.800000e-01, 3.810732e-01, -1.073243e-03, 4.573357e-02, 3.353397e-01
6.530000e+01, 9.956221e-01, 4.956317e-01, 3.800000e-01, 3.810706e-01, -1.070624e-03, 4.562137e-02, 3.354493e-01
6.540000e+01, 9.956329e-01, 4.956424e-01, 3.800000e-01, 3.810680e-01, -1.068012e-03, 4.550945e-02, 3.355586e-01
6.550000e+01, 9.956436e-01, 4.956531e-01, 3.800000e-01, 3.810654e-01, -1.065407e-03, 4.539780e-02, 3.356676e-01
6.560000e+01, 9.956543e-01, 4.956637e-01, 3.800000e-01, 3.810628e-01, -1.062808e-03, 4.528642e-02, 3.357764e-01
6.570000e+01, 9.956649e-01, 4.956743e-01, 3.800000e-01, 3.810602e-01, -1.060216e-03, 4.517532e-02, 3.358849e-01
6.580000e+01, 9.956756e-01, 4.956849e-01, 3.800000e-01, 3.810576e-01, -1.057630e-03, 4.506449e-02, 3.359931e-01
6.590000e+01, 9.956862e-01, 4.956955e-01, 3.800000e-01, 3.810551e-01, -1.055050e-03, 4.495393e-02, 3.361011e-01
6.600000e+01, 9.956968e-01, 4.957060e-01, 3.800000e-01, 3.810525e-01, -1.052477e-03, 4.484364e-02, 3.362088e-01
6.610000e+01, 9.957073e-01, 4.957165e-01, 3.800000e-01, 3.810499e-01, -1.049910e-03, 4.473363e-02, 3.363163e-01
6.620000e+01, 9.957178e-01, 4.957270e-01, 3.800000e-01, 3.810473e-01, -1.047350e-03, 4.462388e-02, 3.364235e-01
6.630000e+01, 9.957284e-01, 4.957375e-01, 3.800000e-01, 3.810448e-01, -1.044795e-03, 4.451441e-02, 3.365304e-01
6.640000e+01, 9.957388e-01, 4.957479e-01, 3.800000e-01, 3.810422e-01, -1.042247e-03, 4.440520e-02, 3.366370e-01
6.650000e+01, 9.957493e-01, 4.957583e-01, 3.800000e-01, 3.810397e-01, -1.039705e-03, 4.429626e-02, 3.367434e-01
6.660000e+01, 9.957597e-01, 4.957687e-01, 3.800000e-01, 3.810372e-01, -1.037170e-03, 4.418758e-02, 3.368496e-01
6.670000e+01, 9.957701e-01, 4.957791e-01, 3.800000e-01, 3.810346e-01, -1.034640e-03, 4.407918e-02, 3.369555e-01
6.680000e+01, 9.957805e-01, 4.957894e-01, 3.800000e-01, 3.810321e-01, -1.032116e-03, 4.397104e-02, 3.370611e-01
6.690000e+01, 9.957908e-01, 4.957997e-01, 3.800000e-01, 3.810296e-01, -1.029598e-03, 4.386316e-02, 3.371664e-01
6.700000e+01, 9.958012e-01, 4.958100e-01, 3.800000e-01, 3.810271e-01, -1.027087e-03, 4.375555e-02, 3.372715e-01
6.710000e+01, 9.958115e-01, 4.958202e-01, 3.800000e-01, 3.810246e-01, -1.024581e-03, 4.364820e-02, 3.373764e-01
6.720000e+01, 9.958218e-01, 4.958305e-01, 3.800000e-01, 3.810221e-01, -1.022081e-03, 4.354112e-02, 3.374810e-01
6.730000e+01, 9.958320e-01, 4.958407e-01, 3.800000e-01, 3.810196e-01, -1.019587e-03, 4.343429e-02, 3.375853e-01
6.740000e+01, 9.958422e-01, 4.958509e-01, 3.800000e-01, 3.810171e-01, -1.017099e-03, 4.332773e-02, 3.376894e-01
6.750000e+01, 9.958524e-01, 4.958610e-01, 3.800000e-01, 3.810146e-01, -1.014617e-03, 4.322144e-02, 3.377932e-01
6.760000e+01, 9.958626e-01, 4.958712e-01, 3.800000e-01, 3.810121e-01, -1.012141e-03, 4.311540e-02, 3.378967e-01
6.770000e+01, 9.958728e-01, 4.958813e-01, 3.800000e-01, 3.810097e-01, -1.009670e-03, 4.300962e-02, 3.380001e-01
6.780000e+01, 9.958829e-01, 4.958914e-01, 3.800000e-01, 3.810072e-01, -1.007205e-03, 4.290410e-02, 3.381031e-01
6.790000e+01, 9.958930e-01, 4.959014e-01, 3.800000e-01, 3.810047e-01, -1.004747e-03, 4.279884e-02, 3.382059e-01
6.800000e+01, 9.959031e-01, 4.959115e-01, 3.800000e-01, 3.810023e-01, -1.002293e-03, 4.269384e-02, 3.383085e-01
6.810000e+01, 9.959131e-01, 4.959215e-01, 3.800000e-01, 3.809998e-01, -9.998461e-04, 4.258909e-02, 3.384108e-01
6.820000e+01, 9.959231e-01, 4.959315e-01, 3.800000e-01, 3.809974e-01, -9.974045e-04, 4.248460e-02, 3.385128e-01
6.830000e+01, 9.959331e-01, 4.959414e-01, 3.800000e-01, 3.809950e-01, -9.949686e-04, 4.238037e-02, 3.386146e-01
6.840000e+01, 9.959431e-01, 4.959513e-01, 3.800000e-01, 3.809925e-01, -9.925385e-04, 4.227639e-02, 3.387161e-01
6.850000e+01, 9.959531e-01, 4.959613e-01, 3.800000e-01, 3.809901e-01, -9.901141e-04, 4.217267e-02, 3.388174e-01
6.860000e+01, 9.959630e-01, 4.959712e-01, 3.800000e-01, 3.809877e-01, -9.876954e-04, 4.206920e-02, 3.389185e-01
6.870000e+01, 9.959729e-01, 4.959810e-01, 3.800000e-01, 3.809853e-01, -9.852825e-04, 4.196599e-02, 3.390193e-01
6.880000e+01, 9.959828e-01, 4.959909e-01, 3.800000e-01, 3.809829e-01, -9.828752e-04, 4.186303e-02, 3.391198e-01
6.890000e+01, 9.959926e-01, 4.960007e-01, 3.800000e-01, 3.809805e-01, -9.804737e-04, 4.176032e-02, 3.392202e-01
6.900000e+01, 9.960025e-01, 4.960105e-01, 3.800000e-01, 3.809781e-01, -9.780779e-04, 4.165786e-02, 3.393202e-01
6.910000e+01, 9.960123e-01, 4.960202e-01, 3.800000e-01, 3.809757e-01, -9.756877e-04, 4.155566e-02, 3.394200e-01
6.920000e+01, 9.960221e-01, 4.960300e-01, 3.800000e-01, 3.809733e-01, -9.733033e-04, 4.145370e-02, 3.395196e-01
6.930000e+01, 9.960318e-01, 4.960397e-01, 3.800000e-01, 3.809709e-01, -9.709245e-04, 4.135200e-02, 3.396189e-01
6.940000e+01, 9.960416e-01, 4.960494e-01, 3.800000e-01, 3.809686e-01, -9.685515e-04, 4.125054e-02, 3.397180e-01
6.950000e+01, 9.960513e-01, 4.960591e-01, 3.800000e-01, 3.809662e-01, -9.661841e-04, 4.114934e-02, 3.398168e-01
6.960000e+01, 9.960610e-01, 4.960687e-01, 3.800000e-01, 3.809638e-01, -9.638224e-04, 4.104838e-02, 3.399154e-01
6.970000e+01, 9.960706e-01, 4.960783e-01, 3.800000e-01, 3.809615e-01, -9.614664e-04, 4.094767e-02, 3.400138e-01
6.980000e+01, 9.960803e-01, 4.960880e-01, 3.800000e-01, 3.809591e-01, -9.591160e-04, 4.084720e-02, 3.401119e-01
6.990000e+01, 9.960899e-01, 4.960975e-01, 3.800000e-01, 3.809568e-01, -9.567713e-04, 4.074699e-02, 3.402098e-01
7.000000e+01, 9.960995e-01, 4.961071e-01, 3.800000e-01, 3.809544e-01, -9.544323e-04, 4.064701e-02, 3.403074e-01
7.010000e+01, 9.961091e-01, 4.961166e-01, 3.800000e-01, 3.809521e-01, -9.520990e-04, 4.054729e-02, 3.404048e-01
7.020000e+01, 9.961186e-01, 4.961261e-01, 3.800000e-01, 3.809498e-01, -9.497713e-04, 4.044780e-02, 3.405020e-01
7.030000e+01, 9.961281e-01, 4.961356e-01, 3.800000e-01, 3.809474e-01, -9.474493e-04, 4.034857e-02, 3.405989e-01
7.040000e+01, 9.961376e-01, 4.961451e-01, 3.800000e-01, 3.809451e-01, -9.451329e-04, 4.024957e-02, 3.406956e-01
7.050000e+01, 9.961471e-01, 4.961545e-01, 3.800000e-01, 3.809428e-01, -9.428222e-04, 4.015082e-02, 3.407920e-01
7.060000e+01, 9.961565e-01, 4.961639e-01, 3.800000e-01, 3.809405e-01, -9.405171e-04, 4.005231e-02, 3.408882e-01
7.070000e+01, 9.961660e-01, 4.961733e-01, 3.800000e-01, 3.809382e-01, -9.382176e-04, 3.995404e-02, 3.409842e-01
7.080000e+01, 9.961754e-01, 4.961827e-01, 3.800000e-01, 3.809359e-01, -9.359238e-04, 3.985602e-02, 3.410799e-01
7.090000e+01, 9.961848e-01, 4.961920e-01, 3.800000e-01, 3.809336e-01, -9.336356e-04, 3.975823e-02, 3.411754e-01
7.100000e+01, 9.961941e-01, 4.962014e-01, 3.800000e-01, 3.809314e-01, -9.313530e-04, 3.966068e-02, 3.412707e-01
7.110000e+01, 9.962035e-01, 4.962107e-01, 3.800000e-01, 3.809291e-01, -9.290760e-04, 3.956338e-02, 3.413657e-01
7.120000e+01, 9.962128e-01, 4.962200e-01, 3.800000e-01, 3.809268e-01, -9.268046e-04, 3.946631e-02, 3.414605e-01
7.130000e+01, 9.962221e-01, 4.962292e-01, 3.800000e-01, 3.809245e-01, -9.245387e-04, 3.936948e-02, 3.415551e-01
7.140000e+01, 9.962313e-01, 4.962384e-01, 3.800000e-01, 3.809223e-01, -9.222785e-04, 3.927289e-02, 3.416494e-01
7.150000e+01, 9.962406e-01, 4.962477e-01, 3.800000e-01, 3.809200e-01, -9.200238e-04, 3.917653e-02, 3.417435e-01
7.160000e+01, 9.962498e-01, 4.962568e-01, 3.800000e-01, 3.809178e-01, -9.177747e-04, 3.908041e-02, 3.418374e-01
7.170000e+01, 9.962590e-01, 4.962660e-01, 3.800000e-01, 3.809155e-01, -9.155311e-04, 3.898453e-02, 3.419310e-01
7.180000e+01, 9.962682e-01, 4.962752e-01, 3.800000e-01, 3.809133e-01, -9.132930e-04, 3.888888e-02, 3.420244e-01
7.190000e+01, 9.962773e-01, 4.962843e-01, 3.800000e-01, 3.809111e-01, -9.110604e-04, 3.879347e-02, 3.421176e-01
7.200000e+01, 9.962865e-01, 4.962934e-01, 3.800000e-01, 3.809088e-01, -9.088334e-04, 3.869829e-02, 3.422105e-01
7.210000e+01, 9.962956e-01, 4.963025e-01, 3.800000e-01, 3.809066e-01, -9.066118e-04, 3.860334e-02, 3.423033e-01
7.220000e+01, 9.963047e-01, 4.963115e-01, 3.800000e-01, 3.809044e-01, -9.043957e-04, 3.850863e-02, 3.423958e-01
7.230000e+01, 9.963137e-01, 4.963205e-01, 3.800000e-01, 3.809022e-01, -9.021851e-04, 3.841415e-02, 3.424880e-01
7.240000e+01, 9.963228e-01, 4.963296e-01, 3.800000e-01, 3.809000e-01, -8.999799e-04, 3.831990e-02, 3.425801e-01
7.250000e+01, 9.963318e-01, 4.963385e-01, 3.800000e-01, 3.808978e-01, -8.977802e-04, 3.822588e-02, 3.426719e-01
7.260000e+01, 9.963408e-01, 4.963475e-01, 3.800000e-01, 3.808956e-01, -8.955858e-04, 3.813210e-02, 3.427635e-01
7.270000e+01, 9.963498e-01, 4.963565e-01, 3.800000e-01, 3.808934e-01, -8.933969e-04, 3.803854e-02, 3.428549e-01
7.280000e+01, 9.963587e-01, 4.963654e-01, 3.800000e-01, 3.808912e-01, -8.912133e-04, 3.794521e-02, 3.429460e-01
7.290000e+01, 9.963677e-01, 4.963743e-01, 3.800000e-01, 3.808890e-01, -8.890351e-04, 3.785212e-02, 3.430369e-01
7.300000e+01, 9.963766e-01, 4.963832e-01, 3.800000e-01, 3.808869e-01, -8.868623e-04, 3.775925e-02, 3.431276e-01
7.310000e+01, 9.963855e-01, 4.963920e-01, 3.800000e-01, 3.808847e-01, -8.846948e-04, 3.766661e-02, 3.432181e-01
7.320000e+01, 9.963944e-01, 4.964009e-01, 3.800000e-01, 3.808825e-01, -8.825326e-04, 3.757419e-02, 3.433083e-01
7.330000e+01, 9.964032e-01, 4.964097e-01, 3.800000e-01, 3.808804e-01, -8.803757e-04, 3.748200e-02, 3.433984e-01
7.340000e+01, 9.964120e-01, 4.964185e-01, 3.800000e-01, 3.808782e-01, -8.782241e-04, 3.739004e-02, 3.434882e-01
7.350000e+01, 9.964208e-01, 4.964272e-01, 3.800000e-01, 3.808761e-01, -8.760778e-04, 3.729831e-02, 3.435778e-01
7.360000e+01, 9.964296e-01, 4.964360e-01, 3.800000e-01, 3.808739e-01, -8.739367e-04, 3.720680e-02, 3.436671e-01
7.370000e+01, 9.964384e-01, 4.964447e-01, 3.800000e-01, 3.808718e-01, -8.718009e-04, 3.711551e-02, 3.437563e-01
7.380000e+01, 9.964471e-01, 4.964534e-01, 3.800000e-01, 3.808697e-01, -8.696702e-04, 3.702445e-02, 3.438452e-01
7.390000e+01, 9.964558e-01, 4.964621e-01, 3.800000e-01, 3.808675e-01, -8.675448e-04, 3.693361e-02, 3.439339e-01
7.400000e+01, 9.964645e-01, 4.964708e-01, 3.800000e-01, 3.808654e-01, -8.654246e-04, 3.684299e-02, 3.440224e-01
7.410000e+01, 9.964732e-01, 4.964794e-01, 3.800000e-01, 3.808633e-01, -8.633096e-04, 3.675260e-02, 3.441107e-01
7.420000e+01, 9.964818e-01, 4.964880e-01, 3.800000e-01, 3.808612e-01, -8.611997e-04, 3.666243e-02, 3.441988e-01
7.430000e+01, 9.964905e-01, 4.964966e-01, 3.800000e-01, 3.808591e-01, -8.590949e-04, 3.657248e-02, 3.442866e-01
7.440000e+01, 9.964991e-01, 4.965052e-01, 3.800000e-01, 3.808570e-01, -8.569953e-04, 3.648275e-02, 3.443742e-01
7.450000e+01, 9.965077e-01, 4.965138e-01, 3.800000e-01, 3.808549e-01, -8.549008e-04, 3.639324e-02, 3.444617e-01
7.460000e+01, 9.965162e-01, 4.965223e-01, 3.800000e-01, 3.808528e-01, -8.528114e-04, 3.630395e-02, 3.445489e-01
7.470000e+01, 9.965248e-01, 4.965308e-01, 3.800000e-01, 3.808507e-01, -8.507270e-04, 3.621488e-02, 3.446359e-01
7.480000e+01, 9.965333e-01, 4.965393e-01, 3.800000e-01, 3.808486e-01, -8.486477e-04, 3.612602e-02, 3.447226e-01
7.490000e+01, 9.965418e-01, 4.965478e-01, 3.800000e-01, 3.808466e-01, -8.465735e-04, 3.603739e-02, 3.448092e-01
7.500000e+01, 9.965503e-01, 4.965563e-01, 3.800000e-01, 3.808445e-01, -8.445043e-04, 3.594897e-02, 3.448955e-01
7.510000e+01, 9.965588e-01, 4.965647e-01, 3.800000e-01, 3.808424e-01, -8.424402e-04, 3.586077e-02, 3.449817e-01
7.520000e+01, 9.965672e-01, 4.965731e-01, 3.800000e-01, 3.808404e-01, -8.403810e-04, 3.577279e-02, 3.450676e-01
7.530000e+01, 9.965756e-01, 4.965815e-01, 3.800000e-01, 3.808383e-01, -8.383269e-04, 3.568502e-02, 3.451533e-01
7.540000e+01, 9.965840e-01, 4.965899e-01, 3.800000e-01, 3.808363e-01, -8.362777e-04, 3.559746e-02, 3.452388e-01
7.550000e+01, 9.965924e-01, 4.965982e-01, 3.800000e-01, 3.808342e-01, -8.342335e-04, 3.551013e-02, 3.453241e-01
7.560000e+01, 9.966008e-01, 4.966066e-01, 3.800000e-01, 3.808322e-01, -8.321943e-04, 3.542300e-02, 3.454092e-01
7.570000e+01, 9.966091e-01, 4.966149e-01, 3.800000e-01, 3.808302e-01, -8.301600e-04, 3.533609e-02, 3.454941e-01
7.580000e+01, 9.966174e-01, 4.966232e-01, 3.800000e-01, 3.808281e-01, -8.281306e-04, 3.524939e-02, 3.455787e-01
7.590000e+01, 9.966257e-01, 4.966314e-01, 3.800000e-01, 3.808261e-01, -8.261062e-04, 3.516291e-02, 3.456632e-01
7.600000e+01, 9.966340e-01, 4.966397e-01, 3.800000e-01, 3.808241e-01, -8.240866e-04, 3.507664e-02, 3.457474e-01
7.610000e+01, 9.966423e-01, 4.966479e-01, 3.800000e-01, 3.808221e-01, -8.220720e-04, 3.499058e-02, 3.458315e-01
7.620000e+01, 9.966505e-01, 4.966561e-01, 3.800000e-01, 3.808201e-01, -8.200622e-04, 3.490473e-02, 3.459153e-01
7.630000e+01, 9.966587e-01, 4.966643e-01, 3.800000e-01, 3.808181e-01, -8.180573e-04, 3.481909e-02, 3.459990e-01
7.640000e+01, 9.966669e-01, 4.966725e-01, 3.800000e-01, 3.808161e-01, -8.160573e-04, 3.473366e-02, 3.460824e-01
7.650000e+01, 9.966751e-01, 4.966806e-01, 3.800000e-01, 3.808141e-01, -8.140622e-04, 3.464844e-02, 3.461656e-01
7.660000e+01, 9.966833e-01, 4.966888e-01, 3.800000e-01, 3.808121e-01, -8.120718e-04, 3.456343e-02, 3.462486e-01
7.670000e+01, 9.966914e-01, 4.966969e-01, 3.800000e-01, 3.808101e-01, -8.100863e-04, 3.447863e-02, 3.463315e-01
7.680000e+01, 9.966995e-01, 4.967050e-01, 3.800000e-01, 3.808081e-01, -8.081056e-04, 3.439403e-02, 3.464141e-01
7.690000e+01, 9.967076e-01, 4.967130e-01, 3.800000e-01, 3.808061e-01, -8.061298e-04, 3.430965e-02, 3.464965e-01
7.700000e+01, 9.967157e-01, 4.967211e-01, 3.800000e-01, 3.808042e-01, -8.041587e-04, 3.422547e-02, 3.465787e-01
7.710000e+01, 9.967238e-01, 4.967291e-01, 3.800000e-01, 3.808022e-01, -8.021924e-04, 3.414149e-02, 3.466607e-01
7.720000e+01, 9.967318e-01, 4.967371e-01, 3.800000e-01, 3.808002e-01, -8.002309e-04, 3.405773e-02, 3.467425e-01
7.730000e+01, 9.967398e-01, 4.967451e-01, 3.800000e-01, 3.807983e-01, -7.982741e-04, 3.397416e-02, 3.468241e-01
7.740000e+01, 9.967478e-01, 4.967531e-01, 3.800000e-01, 3.807963e-01, -7.963221e-04, 3.389081e-02, 3.469055e-01
7.750000e+01, 9.967558e-01, 4.967611e-01, 3.800000e-01, 3.807944e-01, -7.943749e-04, 3.380766e-02, 3.469867e-01
7.760000e+01, 9.967638e-01, 4.967690e-01, 3.800000e-01, 3.807924e-01, -7.924323e-04, 3.372471e-02, 3.470677e-01
7.770000e+01, 9.967717e-01, 4.967769e-01, 3.800000e-01, 3.807905e-01, -7.904945e-04, 3.364196e-02, 3.471485e-01
7.780000e+01, 9.967796e-01, 4.967848e-01, 3.800000e-01, 3.807886e-01, -7.885615e-04, 3.355942e-02, 3.472291e-01
7.790000e+01, 9.967875e-01, 4.967927e-01, 3.800000e-01, 3.807866e-01, -7.866331e-04, 3.347708e-02, 3.473096e-01
7.800000e+01, 9.967954e-01, 4.968005e-01, 3.800000e-01, 3.807847e-01, -7.847094e-04, 3.339495e-02, 3.473898e-01
7.810000e+01, 9.968033e-01, 4.968084e-01, 3.800000e-01, 3.807828e-01, -7.827904e-04, 3.331301e-02, 3.474698e-01
7.820000e+01, 9.968111e-01, 4.968162e-01, 3.800000e-01, 3.807809e-01, -7.808761e-04, 3.323127e-02, 3.475496e-01
7.830000e+01, 9.968189e-01, 4.968240e-01, 3.800000e-01, 3.807790e-01, -7.789664e-04, 3.314974e-02, 3.476292e-01
7.840000e+01, 9.968267e-01, 4.968318e-01, 3.800000e-01, 3.807771e-01, -7.770614e-04, 3.306841e-02, 3.477087e-01
7.850000e+01, 9.968345e-01, 4.968395e-01, 3.800000e-01, 3.807752e-01, -7.751610e-04, 3.298727e-02, 3.477879e-01
7.860000e+01, 9.968423e-01, 4.968473e-01, 3.800000e-01, 3.807733e-01, -7.732653e-04, 3.290634e-02, 3.478669e-01
7.870000e+01, 9.968500e-01, 4.968550e-01, 3.800000e-01, 3.807714e-01, -7.713742e-04, 3.282560e-02, 3.479458e-01
7.880000e+01, 9.968578e-01, 4.968627e-01, 3.800000e-01, 3.807695e-01, -7.694877e-04, 3.274506e-02, 3.480244e-01
7.890000e+01, 9.968655e-01, 4.968704e-01, 3.800000e-01, 3.807676e-01, -7.676058e-04, 3.266472e-02, 3.481029e-01
7.900000e+01, 9.968732e-01, 4.968781e-01, 3.800000e-01, 3.807657e-01, -7.657284e-04, 3.258457e-02, 3.481812e-01
7.910000e+01, 9.968808e-01, 4.968857e-01, 3.800000e-01, 3.807639e-01, -7.638557e-04, 3.250463e-02, 3.482592e-01
7.920000e+01, 9.968885e-01, 4.968933e-01, 3.800000e-01, 3.807620e-01, -7.619876e-04, 3.242487e-02, 3.483371e-01
7.930000e+01, 9.968961e-01, 4.969009e-01, 3.800000e-01, 3.807601e-01, -7.601239e-04, 3.234532e-02, 3.484148e-01
7.940000e+01, 9.969037e-01, 4.969085e-01, 3.800000e-01, 3.807583e-01, -7.582649e-04, 3.226596e-02, 3.484923e-01
7.950000e+01, 9.969113e-01, 4.969161e-01, 3.800000e-01, 3.807564e-01, -7.564104e-04, 3.218679e-02, 3.485696e-01
7.960000e+01, 9.969189e-01, 4.969237e-01, 3.800000e-01, 3.807546e-01, -7.545604e-04, 3.210782e-02, 3.486467e-01
7.970000e+01, 9.969265e-01, 4.969312e-01, 3.800000e-01, 3.807527e-01, -7.527149e-04, 3.202904e-02, 3.487237e-01
7.980000e+01, 9.969340e-01, 4.969387e-01, 3.800000e-01, 3.807509e-01, -7.508739e-04, 3.195046e-02, 3.488004e-01
7.990000e+01, 9.969415e-01, 4.969462e-01, 3.800000e-01, 3.807490e-01, -7.490375e-04, 3.187207e-02, 3.488770e-01
8.000000e+01, 9.969490e-01, 4.969537e-01, 3.800000e-01, 3.807472e-01, -7.472055e-04, 3.179387e-02, 3.489533e-01
