0.000000e+00, 1.000000e+00, 5.000000e-01, 2.600000e-01, 2.600000e-01, -0.000000e+00, 0.000000e+00, 2.600000e-01
1.004755e-05, 1.000000e+00, 5.000000e-01, 2.600000e-01, 2.600000e-01, -0.000000e+00, 0.000000e+00, 2.600000e-01
6.028527e-05, 1.000000e+00, 5.000000e-01, 2.600000e-01, 2.600000e-01, -0.000000e+00, 0.000000e+00, 2.600000e-01
3.114739e-04, 1.000000e+00, 5.000000e-01, 2.600000e-01, 2.600000e-01, -0.000000e+00, 0.000000e+00, 2.600000e-01
1.567417e-03, 1.000000e+00, 5.000000e-01, 2.600000e-01, 2.600000e-01, -0.000000e+00, 0.000000e+00, 2.600000e-01
7.847133e-03, 1.000000e+00, 5.000000e-01, 2.600000e-01, 2.600000e-01, -0.000000e+00, 0.000000e+00, 2.600000e-01
3.924571e-02, 1.000000e+00, 5.000000e-01, 2.600000e-01, 2.600000e-01, -0.000000e+00, 0.000000e+00, 2.600000e-01
1.392457e-01, 1.000000e+00, 5.000000e-01, 2.600000e-01, 2.600000e-01, -0.000000e+00, 0.000000e+00, 2.600000e-01
2.392457e-01, 1.000000e+00, 5.000000e-01, 2.600000e-01, 2.600000e-01, -0.000000e+00, 0.000000e+00, 2.600000e-01
3.392457e-01, 1.000000e+00, 5.000000e-01, 2.600000e-01, 2.600000e-01, -0.000000e+00, 0.000000e+00, 2.600000e-01
4.392457e-01, 1.000000e+00, 5.000000e-01, 2.600000e-01, 2.600000e-01, -0.000000e+00, 0.000000e+00, 2.600000e-01
5.392457e-01, 1.000000e+00, 5.000000e-01, 2.600000e-01, 2.600000e-01, -0.000000e+00, 0.000000e+00, 2.600000e-01
6.392457e-01, 1.000000e+00, 5.000000e-01, 2.600000e-01, 2.600000e-01, -0.000000e+00, 0.000000e+00, 2.600000e-01
7.392457e-01, 1.000000e+00, 5.000000e-01, 2.600000e-01, 2.600000e-01, -0.000000e+00, 0.000000e+00, 2.600000e-01
8.392457e-01, 1.000000e+00, 5.000000e-01, 2.600000e-01, 2.600000e-01, -0.000000e+00, 0.000000e+00, 2.600000e-01
9.392457e-01, 1.000000e+00, 5.000000e-01, 2.600000e-01, 2.600000e-01, -0.000000e+00, 0.000000e+00, 2.600000e-01
1.039246e+00, 1.000000e+00, 5.000000e-01, 2.600000e-01, 2.600000e-01, -0.000000e+00, 0.000000e+00, 2.600000e-01
1.139246e+00, 1.000000e+00, 5.000000e-01, 2.600000e-01, 2.600000e-01, -0.000000e+00, 0.000000e+00, 2.600000e-01
1.239246e+00, 1.000000e+00, 5.000000e-01, 2.600000e-01, 2.600000e-01, -0.000000e+00, 0.000000e+00, 2.600000e-01
1.339246e+00, 1.000000e+00, 5.000000e-01, 2.600000e-01, 2.600000e-01, -0.000000e+00, 0.000000e+00, 2.600000e-01
1.439246e+00, 1.000000e+00, 5.000000e-01, 2.600000e-01, 2.600000e-01, -0.000000e+00, 0.000000e+00, 2.600000e-01
1.539246e+00, 1.000000e+00, 5.000000e-01, 2.600000e-01, 2.600000e-01, -0.000000e+00, 0.000000e+00, 2.600000e-01
1.639246e+00, 1.000000e+00, 5.000000e-01, 2.600000e-01, 2.600000e-01, -0.000000e+00, 0.000000e+00, 2.600000e-01
1.739246e+00, 1.000000e+00, 5.000000e-01, 2.600000e-01, 2.600000e-01, -0.000000e+00, 0.000000e+00, 2.600000e-01
1.839246e+00, 1.000000e+00, 5.000000e-01, 2.600000e-01, 2.600000e-01, -0.000000e+00, 0.000000e+00, 2.600000e-01
1.939246e+00, 1.000000e+00, 5.000000e-01, 2.600000e-01, 2.600000e-01, -0.000000e+00, 0.000000e+00, 2.600000e-01
2.039246e+00, 1.000000e+00, 5.000000e-01, 2.600000e-01, 2.600000e-01, -0.000000e+00, 0.000000e+00, 2.600000e-01
2.139246e+00, 1.000000e+00, 5.000000e-01, 2.600000e-01, 2.600000e-01, -0.000000e+00, 0.000000e+00, 2.600000e-01
2.239246e+00, 1.000000e+00, 5.000000e-01, 2.600000e-01, 2.600000e-01, -0.000000e+00, 0.000000e+00, 2.600000e-01
2.339246e+00, 1.000000e+00, 5.000000e-01, 2.600000e-01, 2.600000e-01, -0.000000e+00, 0.000000e+00, 2.600000e-01
2.439246e+00, 1.000000e+00, 5.000000e-01, 2.600000e-01, 2.600000e-01, -0.000000e+00, 0.000000e+00, 2.600000e-01
2.539246e+00, 1.000000e+00, 5.000000e-01, 2.600000e-01, 2.600000e-01, -0.000000e+00, 0.000000e+00, 2.600000e-01
2.639246e+00, 1.000000e+00, 5.000000e-01, 2.600000e-01, 2.600000e-01, -0.000000e+00, 0.000000e+00, 2.600000e-01
2.739246e+00, 1.000000e+00, 5.000000e-01, 2.600000e-01, 2.600000e-01, -0.000000e+00, 0.000000e+00, 2.600000e-01
2.839246e+00, 1.000000e+00, 5.000000e-01, 2.600000e-01, 2.600000e-01, -0.000000e+00, 0.000000e+00, 2.600000e-01
2.939246e+00, 1.000000e+00, 5.000000e-01, 2.600000e-01, 2.600000e-01, -0.000000e+00, 0.000000e+00, 2.600000e-01
3.039246e+00, 1.000000e+00, 5.000000e-01, 2.600000e-01, 2.600000e-01, -0.000000e+00, 0.000000e+00, 2.600000e-01
3.139246e+00, 1.000000e+00, 5.000000e-01, 2.600000e-01, 2.600000e-01, -0.000000e+00, 0.000000e+00, 2.600000e-01
3.239246e+00, 1.000000e+00, 5.000000e-01, 2.600000e-01, 2.600000e-01, -0.000000e+00, 0.000000e+00, 2.600000e-01
3.339246e+00, 1.000000e+00, 5.000000e-01, 2.600000e-01, 2.600000e-01, -0.000000e+00, 0.000000e+00, 2.600000e-01
3.439246e+00, 1.000000e+00, 5.000000e-01, 2.600000e-01, 2.600000e-01, -0.000000e+00, 0.000000e+00, 2.600000e-01
3.539246e+00, 1.000000e+00, 5.000000e-01, 2.600000e-01, 2.600000e-01, -0.000000e+00, 0.000000e+00, 2.600000e-01
3.639246e+00, 1.000000e+00, 5.000000e-01, 2.600000e-01, 2.600000e-01, -0.000000e+00, 0.000000e+00, 2.600000e-01
3.739246e+00, 1.000000e+00, 5.000000e-01, 2.600000e-01, 2.600000e-01, -0.000000e+00, 0.000000e+00, 2.600000e-01
3.839246e+00, 1.000000e+00, 5.000000e-01, 2.600000e-01, 2.600000e-01, -0.000000e+00, 0.000000e+00, 2.600000e-01
3.939246e+00, 1.000000e+00, 5.000000e-01, 2.600000e-01, 2.600000e-01, -0.000000e+00, 0.000000e+00, 2.600000e-01
4.039246e+00, 1.000000e+00, 5.000000e-01, 2.600000e-01, 2.600000e-01, -0.000000e+00, 0.000000e+00, 2.600000e-01
4.139246e+00, 1.000000e+00, 5.000000e-01, 2.600000e-01, 2.600000e-01, -0.000000e+00, 0.000000e+00, 2.600000e-01
4.239246e+00, 1.000000e+00, 5.000000e-01, 2.600000e-01, 2.600000e-01, -0.000000e+00, 0.000000e+00, 2.600000e-01
4.339246e+00, 1.000000e+00, 5.000000e-01, 2.600000e-01, 2.600000e-01, -0.000000e+00, 0.000000e+00, 2.600000e-01
4.439246e+00, 1.000000e+00, 5.000000e-01, 2.600000e-01, 2.600000e-01, -0.000000e+00, 0.000000e+00, 2.600000e-01
4.539246e+00, 1.000000e+00, 5.000000e-01, 2.600000e-01, 2.600000e-01, -0.000000e+00, 0.000000e+00, 2.600000e-01
4.639246e+00, 1.000000e+00, 5.000000e-01, 2.600000e-01, 2.600000e-01, -0.000000e+00, 0.000000e+00, 2.600000e-01
4.739246e+00, 1.000000e+00, 5.000000e-01, 2.600000e-01, 2.600000e-01, -0.000000e+00, 0.000000e+00, 2.600000e-01
4.839246e+00, 1.000000e+00, 5.000000e-01, 2.600000e-01, 2.600000e-01, -0.000000e+00, 0.000000e+00, 2.600000e-01
4.939246e+00, 1.000000e+00, 5.000000e-01, 2.600000e-01, 2.600000e-01, -0.000000e+00, 0.000000e+00, 2.600000e-01
5.039246e+00, 1.000000e+00, 5.000000e-01, 2.600000e-01, 2.600000e-01, -0.000000e+00, 0.000000e+00, 2.600000e-01
5.139246e+00, 1.000000e+00, 5.000000e-01, 2.600000e-01, 2.600000e-01, -0.000000e+00, 0.000000e+00, 2.600000e-01
5.239246e+00, 1.000000e+00, 5.000000e-01, 2.600000e-01, 2.600000e-01, -0.000000e+00, 0.000000e+00, 2.600000e-01
5.339246e+00, 1.000000e+00, 5.000000e-01, 2.600000e-01, 2.600000e-01, -0.000000e+00, 0.000000e+00, 2.600000e-01
5.439246e+00, 1.000000e+00, 5.000000e-01, 2.600000e-01, 2.600000e-01, -0.000000e+00, 0.000000e+00, 2.600000e-01
5.539246e+00, 1.000000e+00, 5.000000e-01, 2.600000e-01, 2.600000e-01, -0.000000e+00, 0.000000e+00, 2.600000e-01
5.639246e+00, 1.000000e+00, 5.000000e-01, 2.600000e-01, 2.600000e-01, -0.000000e+00, 0.000000e+00, 2.600000e-01
5.739246e+00, 1.000000e+00, 5.000000e-01, 2.600000e-01, 2.600000e-01, -0.000000e+00, 0.000000e+00, 2.600000e-01
5.839246e+00, 1.000000e+00, 5.000000e-01, 2.600000e-01, 2.600000e-01, -0.000000e+00, 0.000000e+00, 2.600000e-01
5.939246e+00, 1.000000e+00, 5.000000e-01, 2.600000e-01, 2.600000e-01, -0.000000e+00, 0.000000e+00, 2.600000e-01
6.039246e+00, 1.000000e+00, 5.000000e-01, 2.600000e-01, 2.600000e-01, -0.000000e+00, 0.000000e+00, 2.600000e-01
6.139246e+00, 1.000000e+00, 5.000000e-01, 2.600000e-01, 2.600000e-01, -0.000000e+00, 0.000000e+00, 2.600000e-01
6.239246e+00, 1.000000e+00, 5.000000e-01, 2.600000e-01, 2.600000e-01, -0.000000e+00, 0.000000e+00, 2.600000e-01
6.339246e+00, 1.000000e+00, 5.000000e-01, 2.600000e-01, 2.600000e-01, -0.000000e+00, 0.000000e+00, 2.600000e-01
6.439246e+00, 1.000000e+00, 5.000000e-01, 2.600000e-01, 2.600000e-01, -0.000000e+00, 0.000000e+00, 2.600000e-01
6.539246e+00, 1.000000e+00, 5.000000e-01, 2.600000e-01, 2.600000e-01, -0.000000e+00, 0.000000e+00, 2.600000e-01
6.639246e+00, 1.000000e+00, 5.000000e-01, 2.600000e-01, 2.600000e-01, -0.000000e+00, 0.000000e+00, 2.600000e-01
6.739246e+00, 1.000000e+00, 5.000000e-01, 2.600000e-01, 2.600000e-01, -0.000000e+00, 0.000000e+00, 2.600000e-01
6.839246e+00, 1.000000e+00, 5.000000e-01, 2.600000e-01, 2.600000e-01, -0.000000e+00, 0.000000e+00, 2.600000e-01
6.939246e+00, 1.000000e+00, 5.000000e-01, 2.600000e-01, 2.600000e-01, -0.000000e+00, 0.000000e+00, 2.600000e-01
7.039246e+00, 1.000000e+00, 5.000000e-01, 2.600000e-01, 2.600000e-01, -0.000000e+00, 0.000000e+00, 2.600000e-01
7.139246e+00, 1.000000e+00, 5.000000e-01, 2.600000e-01, 2.600000e-01, -0.000000e+00, 0.000000e+00, 2.600000e-01
7.239246e+00, 1.000000e+00, 5.000000e-01, 2.600000e-01, 2.600000e-01, -0.000000e+00, 0.000000e+00, 2.600000e-01
7.339246e+00, 1.000000e+00, 5.000000e-01, 2.600000e-01, 2.600000e-01, -0.000000e+00, 0.000000e+00, 2.600000e-01
7.439246e+00, 1.000000e+00, 5.000000e-01, 2.600000e-01, 2.600000e-01, -0.000000e+00, 0.000000e+00, 2.600000e-01
7.539246e+00, 1.000000e+00, 5.000000e-01, 2.600000e-01, 2.600000e-01, -0.000000e+00, 0.000000e+00, 2.600000e-01
7.639246e+00, 1.000000e+00, 5.000000e-01, 2.600000e-01, 2.600000e-01, -0.000000e+00, 0.000000e+00, 2.600000e-01
7.739246e+00, 1.000000e+00, 5.000000e-01, 2.600000e-01, 2.600000e-01, -0.000000e+00, 0.000000e+00, 2.600000e-01
7.839246e+00, 1.000000e+00, 5.000000e-01, 2.600000e-01, 2.600000e-01, -0.000000e+00, 0.000000e+00, 2.600000e-01
7.939246e+00, 1.000000e+00, 5.000000e-01, 2.600000e-01, 2.600000e-01, -0.000000e+00, 0.000000e+00, 2.600000e-01
8.039246e+00, 1.000000e+00, 5.000000e-01, 2.600000e-01, 2.600000e-01, -0.000000e+00, 0.000000e+00, 2.600000e-01
8.139246e+00, 1.000000e+00, 5.000000e-01, 2.600000e-01, 2.600000e-01, -0.000000e+00, 0.000000e+00, 2.600000e-01
8.239246e+00, 1.000000e+00, 5.000000e-01, 2.600000e-01, 2.600000e-01, -0.000000e+00, 0.000000e+00, 2.600000e-01
8.339246e+00, 1.000000e+00, 5.000000e-01, 2.600000e-01, 2.600000e-01, -0.000000e+00, 0.000000e+00, 2.600000e-01
8.439246e+00, 1.000000e+00, 5.000000e-01, 2.600000e-01, 2.600000e-01, -0.000000e+00, 0.000000e+00, 2.600000e-01
8.539246e+00, 1.000000e+00, 5.000000e-01, 2.600000e-01, 2.600000e-01, -0.000000e+00, 0.000000e+00, 2.600000e-01
8.639246e+00, 1.000000e+00, 5.000000e-01, 2.600000e-01, 2.600000e-01, -0.000000e+00, 0.000000e+00, 2.600000e-01
8.739246e+00, 1.000000e+00, 5.000000e-01, 2.600000e-01, 2.600000e-01, -0.000000e+00, 0.000000e+00, 2.600000e-01
8.839246e+00, 1.000000e+00, 5.000000e-01, 2.600000e-01, 2.600000e-01, -0.000000e+00, 0.000000e+00, 2.600000e-01
8.939246e+00, 1.000000e+00, 5.000000e-01, 2.600000e-01, 2.600000e-01, -0.000000e+00, 0.000000e+00, 2.600000e-01
9.039246e+00, 1.000000e+00, 5.000000e-01, 2.600000e-01, 2.600000e-01, -0.000000e+00, 0.000000e+00, 2.600000e-01
9.139246e+00, 1.000000e+00, 5.000000e-01, 2.600000e-01, 2.600000e-01, -0.000000e+00, 0.000000e+00, 2.600000e-01
9.239246e+00, 1.000000e+00, 5.000000e-01, 2.600000e-01, 2.600000e-01, -0.000000e+00, 0.000000e+00, 2.600000e-01
9.339246e+00, 1.000000e+00, 5.000000e-01, 2.600000e-01, 2.600000e-01, -0.000000e+00, 0.000000e+00, 2.600000e-01
9.439246e+00, 1.000000e+00, 5.000000e-01, 2.600000e-01, 2.600000e-01, -0.000000e+00, 0.000000e+00, 2.600000e-01
9.539246e+00, 1.000000e+00, 5.000000e-01, 2.600000e-01, 2.600000e-01, -0.000000e+00, 0.000000e+00, 2.600000e-01
9.639246e+00, 1.000000e+00, 5.000000e-01, 2.600000e-01, 2.600000e-01, -0.000000e+00, 0.000000e+00, 2.600000e-01
9.739246e+00, 1.000000e+00, 5.000000e-01, 2.600000e-01, 2.600000e-01, -0.000000e+00, 0.000000e+00, 2.600000e-01
9.839246e+00, 1.000000e+00, 5.000000e-01, 2.600000e-01, 2.600000e-01, -0.000000e+00, 0.000000e+00, 2.600000e-01
9.939246e+00, 1.000000e+00, 5.000000e-01, 2.600000e-01, 2.600000e-01, -0.000000e+00, 0.000000e+00, 2.600000e-01
1.000000e+01, 1.000000e+00, 5.000000e-01, 2.600000e-01, 2.600000e-01, -0.000000e+00, 0.000000e+00, 2.600000e-01
1.000000e+01, 1.000000e+00, 5.000000e-01, 3.800000e-01, 2.600000e-01, 1.200000e-01, 0.000000e+00, 2.600000e-01
1.000000e+01, 1.000000e+00, 5.000000e-01, 3.800000e-01, 2.600000e-01, 1.200000e-01, 0.000000e+00, 2.600000e-01
1.003948e+01, 9.995262e-01, 4.995263e-01, 3.800000e-01, 2.600000e-01, 1.200000e-01, 0.000000e+00, 2.600000e-01
1.007895e+01, 9.990521e-01, 4.990526e-01, 3.800000e-01, 2.600027e-01, 1.199973e-01, 2.657713e-06, 2.600000e-01
1.013846e+01, 9.983373e-01, 4.983387e-01, 3.800000e-01, 2.600731e-01, 1.199269e-01, 7.309642e-05, 2.600000e-01
1.020478e+01, 9.975410e-01, 4.975441e-01, 3.800000e-01, 2.603395e-01, 1.196605e-01, 3.395448e-04, 2.600000e-01
1.029437e+01, 9.964688e-01, 4.964750e-01, 3.800000e-01, 2.611134e-01, 1.188866e-01, 1.113435e-03, 2.600000e-01
1.039437e+01, 9.952819e-01, 4.952930e-01, 3.800000e-01, 2.625927e-01, 1.174073e-01, 2.592736e-03, 2.600000e-01
1.049437e+01, 9.941117e-01, 4.941291e-01, 3.800000e-01, 2.647206e-01, 1.152794e-01, 4.720557e-03, 2.600000e-01
1.059437e+01, 9.929648e-01, 4.929895e-01, 3.800000e-01, 2.674650e-01, 1.125350e-01, 7.465032e-03, 2.600000e-01
1.069437e+01, 9.918470e-01, 4.918803e-01, 3.800000e-01, 2.707817e-01, 1.092183e-01, 1.078167e-02, 2.600000e-01
1.079437e+01, 9.907642e-01, 4.908069e-01, 3.800000e-01, 2.746209e-01, 1.053791e-01, 1.462090e-02, 2.600000e-01
1.089437e+01, 9.897214e-01, 4.897743e-01, 3.800000e-01, 2.789311e-01, 1.010689e-01, 1.893107e-02, 2.600000e-01
1.099437e+01, 9.887233e-01, 4.887869e-01, 3.800000e-01, 2.836597e-01, 9.634030e-02, 2.365970e-02, 2.600000e-01
1.109437e+01, 9.877739e-01, 4.878487e-01, 3.800000e-01, 2.887542e-01, 9.124576e-02, 2.875424e-02, 2.600000e-01
1.119437e+01, 9.868769e-01, 4.869630e-01, 3.800000e-01, 2.941625e-01, 8.583754e-02, 3.416246e-02, 2.600000e-01
1.129437e+01, 9.860353e-01, 4.861328e-01, 3.800000e-01, 2.998328e-01, 8.016717e-02, 3.983283e-02, 2.600000e-01
1.139437e+01, 9.852516e-01, 4.853604e-01, 3.800000e-01, 3.057148e-01, 7.428515e-02, 4.571485e-02, 2.600000e-01
1.149437e+01, 9.845279e-01, 4.846476e-01, 3.800000e-01, 3.117593e-01, 6.824074e-02, 5.175926e-02, 2.600000e-01
1.159437e+01, 9.838658e-01, 4.839959e-01, 3.800000e-01, 3.179184e-01, 6.208164e-02, 5.791836e-02, 2.600000e-01
1.169437e+01, 9.832662e-01, 4.834062e-01, 3.800000e-01, 3.241462e-01, 5.585379e-02, 6.414621e-02, 2.600000e-01
1.179437e+01, 9.827298e-01, 4.828789e-01, 3.800000e-01, 3.303988e-01, 4.960117e-02, 7.039883e-02, 2.600000e-01
1.189437e+01, 9.822567e-01, 4.824141e-01, 3.800000e-01, 3.366344e-01, 4.336560e-02, 7.663440e-02, 2.600000e-01
1.199437e+01, 9.818467e-01, 4.820114e-01, 3.800000e-01, 3.428134e-01, 3.718658e-02, 8.281342e-02, 2.600000e-01
1.209437e+01, 9.814989e-01, 4.816701e-01, 3.800000e-01, 3.488988e-01, 3.110118e-02, 8.889882e-02, 2.600000e-01
1.219437e+01, 9.812125e-01, 4.813890e-01, 3.800000e-01, 3.548561e-01, 2.514389e-02, 9.485611e-02, 2.600000e-01
1.229437e+01, 9.809859e-01, 4.811667e-01, 3.800000e-01, 3.606535e-01, 1.934652e-02, 1.006535e-01, 2.600000e-01
1.239437e+01, 9.808174e-01, 4.810014e-01, 3.800000e-01, 3.662618e-01, 1.373816e-02, 1.062618e-01, 2.600000e-01
1.249437e+01, 9.807050e-01, 4.808912e-01, 3.800000e-01, 3.716549e-01, 8.345133e-03, 1.116549e-01, 2.600000e-01
1.259437e+01, 9.806464e-01, 4.808337e-01, 3.800000e-01, 3.768091e-01, 3.190927e-03, 1.168091e-01, 2.600000e-01
1.269437e+01, 9.806391e-01, 4.808265e-01, 3.800000e-01, 3.817038e-01, -1.703781e-03, 1.217038e-01, 2.600000e-01
1.279437e+01, 9.806802e-01, 4.808669e-01, 3.800000e-01, 3.863211e-01, -6.321121e-03, 1.263211e-01, 2.600000e-01
1.289437e+01, 9.807670e-01, 4.809520e-01, 3.800000e-01, 3.906460e-01, -1.064600e-02, 1.306460e-01, 2.600000e-01
1.299437e+01, 9.808963e-01, 4.810788e-01, 3.800000e-01, 3.946661e-01, -1.466607e-02, 1.346661e-01, 2.600000e-01
1.309437e+01, 9.810650e-01, 4.812442e-01, 3.800000e-01, 3.983716e-01, -1.837163e-02, 1.383716e-01, 2.600000e-01
1.319437e+01, 9.812697e-01, 4.814451e-01, 3.800000e-01, 4.017556e-01, -2.175557e-02, 1.417556e-01, 2.600000e-01
1.329437e+01, 9.815073e-01, 4.816782e-01, 3.800000e-01, 4.048133e-01, -2.481331e-02, 1.448133e-01, 2.600000e-01
1.339437e+01, 9.817742e-01, 4.819403e-01, 3.800000e-01, 4.075426e-01, -2.754262e-02, 1.475426e-01, 2.600000e-01
1.349437e+01, 9.820672e-01, 4.822280e-01, 3.800000e-01, 4.099436e-01, -2.994358e-02, 1.499436e-01, 2.600000e-01
1.359437e+01, 9.823829e-01, 4.825381e-01, 3.800000e-01, 4.120184e-01, -3.201841e-02, 1.520184e-01, 2.600000e-01
1.369437e+01, 9.827180e-01, 4.828673e-01, 3.800000e-01, 4.137714e-01, -3.377136e-02, 1.537714e-01, 2.600000e-01
1.379437e+01, 9.830691e-01, 4.832125e-01, 3.800000e-01, 4.152086e-01, -3.520856e-02, 1.552086e-01, 2.600000e-01
1.389437e+01, 9.834332e-01, 4.835704e-01, 3.800000e-01, 4.163379e-01, -3.633788e-02, 1.563379e-01, 2.600000e-01
1.399437e+01, 9.838071e-01, 4.839382e-01, 3.800000e-01, 4.171688e-01, -3.716878e-02, 1.571688e-01, 2.600000e-01
1.409437e+01, 9.841878e-01, 4.843129e-01, 3.800000e-01, 4.177122e-01, -3.771217e-02, 1.577122e-01, 2.600000e-01
1.419437e+01, 9.845725e-01, 4.846915e-01, 3.800000e-01, 4.179802e-01, -3.798024e-02, 1.579802e-01, 2.600000e-01
1.429437e+01, 9.849585e-01, 4.850716e-01, 3.800000e-01, 4.179863e-01, -3.798631e-02, 1.579863e-01, 2.600000e-01
1.439437e+01, 9.853430e-01, 4.854504e-01, 3.800000e-01, 4.177447e-01, -3.774470e-02, 1.577447e-01, 2.600000e-01
1.449437e+01, 9.857238e-01, 4.858257e-01, 3.800000e-01, 4.172706e-01, -3.727056e-02, 1.572706e-01, 2.600000e-01
1.459437e+01, 9.860985e-01, 4.861951e-01, 3.800000e-01, 4.165797e-01, -3.657973e-02, 1.565797e-01, 2.600000e-01
1.469437e+01, 9.864650e-01, 4.865566e-01, 3.800000e-01, 4.156886e-01, -3.568860e-02, 1.556886e-01, 2.600000e-01
1.479437e+01, 9.868215e-01, 4.869083e-01, 3.800000e-01, 4.146139e-01, -3.461395e-02, 1.546139e-01, 2.600000e-01
1.489437e+01, 9.871660e-01, 4.872484e-01, 3.800000e-01, 4.133728e-01, -3.337284e-02, 1.533728e-01, 2.600000e-01
1.499437e+01, 9.874971e-01, 4.875753e-01, 3.800000e-01, 4.119825e-01, -3.198251e-02, 1.519825e-01, 2.600000e-01
1.509437e+01, 9.878133e-01, 4.878876e-01, 3.800000e-01, 4.104602e-01, -3.046017e-02, 1.504602e-01, 2.600000e-01
1.519437e+01, 9.881134e-01, 4.881841e-01, 3.800000e-01, 4.088230e-01, -2.882297e-02, 1.488230e-01, 2.600000e-01
1.529437e+01, 9.883964e-01, 4.884637e-01, 3.800000e-01, 4.070879e-01, -2.708787e-02, 1.470879e-01, 2.600000e-01
1.539437e+01, 9.886613e-01, 4.887256e-01, 3.800000e-01, 4.052715e-01, -2.527152e-02, 1.452715e-01, 2.600000e-01
1.549437e+01, 9.889074e-01, 4.889689e-01, 3.800000e-01, 4.033902e-01, -2.339018e-02, 1.433902e-01, 2.600000e-01
1.559437e+01, 9.891342e-01, 4.891932e-01, 3.800000e-01, 4.014596e-01, -2.145965e-02, 1.414596e-01, 2.600000e-01
1.569437e+01, 9.893412e-01, 4.893980e-01, 3.800000e-01, 3.994951e-01, -1.949515e-02, 1.394951e-01, 2.600000e-01
1.579437e+01, 9.895282e-01, 4.895830e-01, 3.800000e-01, 3.975113e-01, -1.751131e-02, 1.375113e-01, 2.600000e-01
1.589437e+01, 9.896951e-01, 4.897482e-01, 3.800000e-01, 3.955221e-01, -1.552207e-02, 1.355221e-01, 2.600000e-01
1.599437e+01, 9.898419e-01, 4.898935e-01, 3.800000e-01, 3.935406e-01, -1.354064e-02, 1.335406e-01, 2.600000e-01
1.609437e+01, 9.899688e-01, 4.900191e-01, 3.800000e-01, 3.915795e-01, -1.157945e-02, 1.315795e-01, 2.600000e-01
1.619437e+01, 9.900760e-01, 4.901252e-01, 3.800000e-01, 3.896501e-01, -9.650116e-03, 1.296501e-01, 2.600000e-01
1.629437e+01, 9.901639e-01, 4.902122e-01, 3.800000e-01, 3.877634e-01, -7.763406e-03, 1.277634e-01, 2.600000e-01
1.639437e+01, 9.902330e-01, 4.902806e-01, 3.800000e-01, 3.859292e-01, -5.929227e-03, 1.259292e-01, 2.600000e-01
1.649437e+01, 9.902838e-01, 4.903310e-01, 3.800000e-01, 3.841566e-01, -4.156597e-03, 1.241566e-01, 2.600000e-01
1.659437e+01, 9.903171e-01, 4.903640e-01, 3.800000e-01, 3.824536e-01, -2.453642e-03, 1.224536e-01, 2.600000e-01
1.669437e+01, 9.903336e-01, 4.903804e-01, 3.800000e-01, 3.808276e-01, -8.275925e-04, 1.208276e-01, 2.600000e-01
1.679437e+01, 9.903341e-01, 4.903808e-01, 3.800000e-01, 3.792848e-01, 7.152144e-04, 1.192848e-01, 2.600000e-01
1.689437e+01, 9.903195e-01, 4.903663e-01, 3.800000e-01, 3.778307e-01, 2.169328e-03, 1.178307e-01, 2.600000e-01
1.699437e+01, 9.902906e-01, 4.903378e-01, 3.800000e-01, 3.764698e-01, 3.530168e-03, 1.164698e-01, 2.600000e-01
1.709437e+01, 9.902485e-01, 4.902961e-01, 3.800000e-01, 3.752060e-01, 4.794009e-03, 1.152060e-01, 2.600000e-01
1.719437e+01, 9.901941e-01, 4.902422e-01, 3.800000e-01, 3.740420e-01, 5.957955e-03, 1.140420e-01, 2.600000e-01
1.729437e+01, 9.901285e-01, 4.901772e-01, 3.800000e-01, 3.729801e-01, 7.019913e-03, 1.129801e-01, 2.600000e-01
1.739437e+01, 9.900527e-01, 4.901022e-01, 3.800000e-01, 3.720214e-01, 7.978565e-03, 1.120214e-01, 2.600000e-01
1.749437e+01, 9.899677e-01, 4.900180e-01, 3.800000e-01, 3.711667e-01, 8.833331e-03, 1.111667e-01, 2.600000e-01
1.759437e+01, 9.898746e-01, 4.899258e-01, 3.800000e-01, 3.704157e-01, 9.584334e-03, 1.104157e-01, 2.600000e-01
1.769437e+01, 9.897744e-01, 4.898267e-01, 3.800000e-01, 3.697676e-01, 1.023236e-02, 1.097676e-01, 2.600000e-01
1.779437e+01, 9.896682e-01, 4.897215e-01, 3.800000e-01, 3.692212e-01, 1.077882e-02, 1.092212e-01, 2.600000e-01
1.789437e+01, 9.895569e-01, 4.896114e-01, 3.800000e-01, 3.687743e-01, 1.122571e-02, 1.087743e-01, 2.600000e-01
1.799437e+01, 9.894416e-01, 4.894974e-01, 3.800000e-01, 3.684245e-01, 1.157554e-02, 1.084245e-01, 2.600000e-01
1.809437e+01, 9.893232e-01, 4.893802e-01, 3.800000e-01, 3.681687e-01, 1.183133e-02, 1.081687e-01, 2.600000e-01
1.819437e+01, 9.892027e-01, 4.892610e-01, 3.800000e-01, 3.680035e-01, 1.199654e-02, 1.080035e-01, 2.600000e-01
1.829437e+01, 9.890810e-01, 4.891406e-01, 3.800000e-01, 3.679250e-01, 1.207503e-02, 1.079250e-01, 2.600000e-01
1.839437e+01, 9.889588e-01, 4.890198e-01, 3.800000e-01, 3.679290e-01, 1.207100e-02, 1.079290e-01, 2.600000e-01
1.849437e+01, 9.888371e-01, 4.888994e-01, 3.800000e-01, 3.680110e-01, 1.198896e-02, 1.080110e-01, 2.600000e-01
1.859437e+01, 9.887166e-01, 4.887803e-01, 3.800000e-01, 3.681663e-01, 1.183369e-02, 1.081663e-01, 2.600000e-01
1.869437e+01, 9.885980e-01, 4.886630e-01, 3.800000e-01, 3.683898e-01, 1.161016e-02, 1.083898e-01, 2.600000e-01
1.879437e+01, 9.884819e-01, 4.885483e-01, 3.800000e-01, 3.686764e-01, 1.132355e-02, 1.086764e-01, 2.600000e-01
1.889437e+01, 9.883691e-01, 4.884367e-01, 3.800000e-01, 3.690209e-01, 1.097914e-02, 1.090209e-01, 2.600000e-01
1.899437e+01, 9.882600e-01, 4.883289e-01, 3.800000e-01, 3.694177e-01, 1.058229e-02, 1.094177e-01, 2.600000e-01
1.909437e+01, 9.881551e-01, 4.882252e-01, 3.800000e-01, 3.698616e-01, 1.013842e-02, 1.098616e-01, 2.600000e-01
1.919437e+01, 9.880549e-01, 4.881262e-01, 3.800000e-01, 3.703470e-01, 9.652984e-03, 1.103470e-01, 2.600000e-01
1.929437e+01, 9.879598e-01, 4.880323e-01, 3.800000e-01, 3.708686e-01, 9.131370e-03, 1.108686e-01, 2.600000e-01
1.939437e+01, 9.878701e-01, 4.879437e-01, 3.800000e-01, 3.714211e-01, 8.578929e-03, 1.114211e-01, 2.600000e-01
1.949437e+01, 9.877862e-01, 4.878608e-01, 3.800000e-01, 3.719991e-01, 8.000918e-03, 1.119991e-01, 2.600000e-01
1.959437e+01, 9.877082e-01, 4.877838e-01, 3.800000e-01, 3.725975e-01, 7.402475e-03, 1.125975e-01, 2.600000e-01
1.969437e+01, 9.876364e-01, 4.877128e-01, 3.800000e-01, 3.732114e-01, 6.788590e-03, 1.132114e-01, 2.600000e-01
1.979437e+01, 9.875708e-01, 4.876480e-01, 3.800000e-01, 3.738359e-01, 6.164085e-03, 1.138359e-01, 2.600000e-01
1.989437e+01, 9.875116e-01, 4.875895e-01, 3.800000e-01, 3.744664e-01, 5.533586e-03, 1.144664e-01, 2.600000e-01
1.999437e+01, 9.874587e-01, 4.875374e-01, 3.800000e-01, 3.750985e-01, 4.901509e-03, 1.150985e-01, 2.600000e-01
2.009437e+01, 9.874123e-01, 4.874915e-01, 3.800000e-01, 3.757280e-01, 4.272040e-03, 1.157280e-01, 2.600000e-01
2.019437e+01, 9.873722e-01, 4.874519e-01, 3.800000e-01, 3.763509e-01, 3.649122e-03, 1.163509e-01, 2.600000e-01
2.029437e+01, 9.873383e-01, 4.874185e-01, 3.800000e-01, 3.769636e-01, 3.036438e-03, 1.169636e-01, 2.600000e-01
2.039437e+01, 9.873106e-01, 4.873911e-01, 3.800000e-01, 3.775626e-01, 2.437409e-03, 1.175626e-01, 2.600000e-01
2.049437e+01, 9.872889e-01, 4.873697e-01, 3.800000e-01, 3.781448e-01, 1.855178e-03, 1.181448e-01, 2.600000e-01
2.059437e+01, 9.872730e-01, 4.873539e-01, 3.800000e-01, 3.787074e-01, 1.292610e-03, 1.187074e-01, 2.600000e-01
2.069437e+01, 9.872626e-01, 4.873437e-01, 3.800000e-01, 3.792477e-01, 7.522860e-04, 1.192477e-01, 2.600000e-01
2.079437e+01, 9.872576e-01, 4.873388e-01, 3.800000e-01, 3.797635e-01, 2.365026e-04, 1.197635e-01, 2.600000e-01
2.089437e+01, 9.872577e-01, 4.873389e-01, 3.800000e-01, 3.802527e-01, -2.527281e-04, 1.202527e-01, 2.600000e-01
2.099437e+01, 9.872627e-01, 4.873438e-01, 3.800000e-01, 3.807137e-01, -7.136756e-04, 1.207137e-01, 2.600000e-01
2.109437e+01, 9.872721e-01, 4.873531e-01, 3.800000e-01, 3.811449e-01, -1.144887e-03, 1.211449e-01, 2.600000e-01
2.119437e+01, 9.872857e-01, 4.873666e-01, 3.800000e-01, 3.815452e-01, -1.545183e-03, 1.215452e-01, 2.600000e-01
2.129437e+01, 9.873033e-01, 4.873839e-01, 3.800000e-01, 3.819136e-01, -1.913647e-03, 1.219136e-01, 2.600000e-01
2.139437e+01, 9.873244e-01, 4.874047e-01, 3.800000e-01, 3.822496e-01, -2.249622e-03, 1.222496e-01, 2.600000e-01
2.149437e+01, 9.873488e-01, 4.874288e-01, 3.800000e-01, 3.825527e-01, -2.552694e-03, 1.225527e-01, 2.600000e-01
2.159437e+01, 9.873760e-01, 4.874557e-01, 3.800000e-01, 3.828227e-01, -2.822688e-03, 1.228227e-01, 2.600000e-01
2.169437e+01, 9.874058e-01, 4.874851e-01, 3.800000e-01, 3.830597e-01, -3.059654e-03, 1.230597e-01, 2.600000e-01
2.179437e+01, 9.874379e-01, 4.875168e-01, 3.800000e-01, 3.832639e-01, -3.263851e-03, 1.232639e-01, 2.600000e-01
2.189437e+01, 9.874718e-01, 4.875503e-01, 3.800000e-01, 3.834357e-01, -3.435740e-03, 1.234357e-01, 2.600000e-01
2.199437e+01, 9.875073e-01, 4.875854e-01, 3.800000e-01, 3.835760e-01, -3.575964e-03, 1.235760e-01, 2.600000e-01
2.209437e+01, 9.875441e-01, 4.876217e-01, 3.800000e-01, 3.836853e-01, -3.685339e-03, 1.236853e-01, 2.600000e-01
2.219437e+01, 9.875819e-01, 4.876590e-01, 3.800000e-01, 3.837648e-01, -3.764834e-03, 1.237648e-01, 2.600000e-01
2.229437e+01, 9.876203e-01, 4.876969e-01, 3.800000e-01, 3.838156e-01, -3.815563e-03, 1.238156e-01, 2.600000e-01
2.239437e+01, 9.876591e-01, 4.877352e-01, 3.800000e-01, 3.838388e-01, -3.838764e-03, 1.238388e-01, 2.600000e-01
2.249437e+01, 9.876979e-01, 4.877736e-01, 3.800000e-01, 3.838358e-01, -3.835785e-03, 1.238358e-01, 2.600000e-01
2.259437e+01, 9.877366e-01, 4.878118e-01, 3.800000e-01, 3.838081e-01, -3.808074e-03, 1.238081e-01, 2.600000e-01
2.269437e+01, 9.877750e-01, 4.878497e-01, 3.800000e-01, 3.837572e-01, -3.757157e-03, 1.237572e-01, 2.600000e-01
2.279437e+01, 9.878126e-01, 4.878869e-01, 3.800000e-01, 3.836846e-01, -3.684630e-03, 1.236846e-01, 2.600000e-01
2.289437e+01, 9.878495e-01, 4.879233e-01, 3.800000e-01, 3.835921e-01, -3.592142e-03, 1.235921e-01, 2.600000e-01
2.299437e+01, 9.878853e-01, 4.879587e-01, 3.800000e-01, 3.834814e-01, -3.481381e-03, 1.234814e-01, 2.600000e-01
2.309437e+01, 9.879199e-01, 4.879929e-01, 3.800000e-01, 3.833541e-01, -3.354062e-03, 1.233541e-01, 2.600000e-01
2.319437e+01, 9.879532e-01, 4.880257e-01, 3.800000e-01, 3.832119e-01, -3.211913e-03, 1.232119e-01, 2.600000e-01
2.329437e+01, 9.879849e-01, 4.880571e-01, 3.800000e-01, 3.830567e-01, -3.056665e-03, 1.230567e-01, 2.600000e-01
2.339437e+01, 9.880150e-01, 4.880868e-01, 3.800000e-01, 3.828900e-01, -2.890040e-03, 1.228900e-01, 2.600000e-01
2.349437e+01, 9.880434e-01, 4.881148e-01, 3.800000e-01, 3.827137e-01, -2.713740e-03, 1.227137e-01, 2.600000e-01
2.359437e+01, 9.880699e-01, 4.881411e-01, 3.800000e-01, 3.825294e-01, -2.529435e-03, 1.225294e-01, 2.600000e-01
2.369437e+01, 9.880945e-01, 4.881654e-01, 3.800000e-01, 3.823388e-01, -2.338758e-03, 1.223388e-01, 2.600000e-01
2.379437e+01, 9.881172e-01, 4.881878e-01, 3.800000e-01, 3.821433e-01, -2.143294e-03, 1.221433e-01, 2.600000e-01
2.389437e+01, 9.881379e-01, 4.882083e-01, 3.800000e-01, 3.819446e-01, -1.944571e-03, 1.219446e-01, 2.600000e-01
2.399437e+01, 9.881566e-01, 4.882267e-01, 3.800000e-01, 3.817441e-01, -1.744057e-03, 1.217441e-01, 2.600000e-01
2.409437e+01, 9.881732e-01, 4.882431e-01, 3.800000e-01, 3.815432e-01, -1.543150e-03, 1.215432e-01, 2.600000e-01
2.419437e+01, 9.881878e-01, 4.882576e-01, 3.800000e-01, 3.813432e-01, -1.343176e-03, 1.213432e-01, 2.600000e-01
2.429437e+01, 9.882004e-01, 4.882700e-01, 3.800000e-01, 3.811454e-01, -1.145381e-03, 1.211454e-01, 2.600000e-01
2.439437e+01, 9.882110e-01, 4.882805e-01, 3.800000e-01, 3.809509e-01, -9.509288e-04, 1.209509e-01, 2.600000e-01
2.449437e+01, 9.882197e-01, 4.882890e-01, 3.800000e-01, 3.807609e-01, -7.608996e-04, 1.207609e-01, 2.600000e-01
2.459437e+01, 9.882264e-01, 4.882957e-01, 3.800000e-01, 3.805763e-01, -5.762852e-04, 1.205763e-01, 2.600000e-01
2.469437e+01, 9.882313e-01, 4.883006e-01, 3.800000e-01, 3.803980e-01, -3.979880e-04, 1.203980e-01, 2.600000e-01
2.479437e+01, 9.882345e-01, 4.883037e-01, 3.800000e-01, 3.802268e-01, -2.268206e-04, 1.202268e-01, 2.600000e-01
2.489437e+01, 9.882360e-01, 4.883052e-01, 3.800000e-01, 3.800635e-01, -6.350490e-05, 1.200635e-01, 2.600000e-01
2.499437e+01, 9.882358e-01, 4.883050e-01, 3.800000e-01, 3.799087e-01, 9.132736e-05, 1.199087e-01, 2.600000e-01
2.509437e+01, 9.882341e-01, 4.883034e-01, 3.800000e-01, 3.797629e-01, 2.371340e-04, 1.197629e-01, 2.600000e-01
2.519437e+01, 9.882310e-01, 4.883003e-01, 3.800000e-01, 3.796265e-01, 3.734608e-04, 1.196265e-01, 2.600000e-01
2.529437e+01, 9.882266e-01, 4.882959e-01, 3.800000e-01, 3.795001e-01, 4.999399e-04, 1.195001e-01, 2.600000e-01
2.539437e+01, 9.882210e-01, 4.882903e-01, 3.800000e-01, 3.793837e-01, 6.162872e-04, 1.193837e-01, 2.600000e-01
2.549437e+01, 9.882142e-01, 4.882836e-01, 3.800000e-01, 3.792777e-01, 7.223000e-04, 1.192777e-01, 2.600000e-01
2.559437e+01, 9.882064e-01, 4.882759e-01, 3.800000e-01, 3.791821e-01, 8.178533e-04, 1.191821e-01, 2.600000e-01
2.569437e+01, 9.881977e-01, 4.882673e-01, 3.800000e-01, 3.790971e-01, 9.028972e-04, 1.190971e-01, 2.600000e-01
2.579437e+01, 9.881881e-01, 4.882579e-01, 3.800000e-01, 3.790225e-01, 9.774524e-04, 1.190225e-01, 2.600000e-01
2.589437e+01, 9.881779e-01, 4.882478e-01, 3.800000e-01, 3.789584e-01, 1.041606e-03, 1.189584e-01, 2.600000e-01
2.599437e+01, 9.881671e-01, 4.882371e-01, 3.800000e-01, 3.789045e-01, 1.095510e-03, 1.189045e-01, 2.600000e-01
2.609437e+01, 9.881558e-01, 4.882259e-01, 3.800000e-01, 3.788606e-01, 1.139371e-03, 1.188606e-01, 2.600000e-01
2.619437e+01, 9.881441e-01, 4.882144e-01, 3.800000e-01, 3.788265e-01, 1.173452e-03, 1.188265e-01, 2.600000e-01
2.629437e+01, 9.881321e-01, 4.882025e-01, 3.800000e-01, 3.788019e-01, 1.198065e-03, 1.188019e-01, 2.600000e-01
2.639437e+01, 9.881199e-01, 4.881904e-01, 3.800000e-01, 3.787864e-01, 1.213566e-03, 1.187864e-01, 2.600000e-01
2.649437e+01, 9.881075e-01, 4.881782e-01, 3.800000e-01, 3.787797e-01, 1.220350e-03, 1.187797e-01, 2.600000e-01
2.659437e+01, 9.880952e-01, 4.881660e-01, 3.800000e-01, 3.787812e-01, 1.218848e-03, 1.187812e-01, 2.600000e-01
2.669437e+01, 9.880829e-01, 4.881539e-01, 3.800000e-01, 3.787905e-01, 1.209521e-03, 1.187905e-01, 2.600000e-01
2.679437e+01, 9.880707e-01, 4.881419e-01, 3.800000e-01, 3.788071e-01, 1.192855e-03, 1.188071e-01, 2.600000e-01
2.689437e+01, 9.880588e-01, 4.881301e-01, 3.800000e-01, 3.788306e-01, 1.169359e-03, 1.188306e-01, 2.600000e-01
2.699437e+01, 9.880471e-01, 4.881185e-01, 3.800000e-01, 3.788604e-01, 1.139556e-03, 1.188604e-01, 2.600000e-01
2.709437e+01, 9.880357e-01, 4.881073e-01, 3.800000e-01, 3.788960e-01, 1.103984e-03, 1.188960e-01, 2.600000e-01
2.719437e+01, 9.880247e-01, 4.880964e-01, 3.800000e-01, 3.789368e-01, 1.063187e-03, 1.189368e-01, 2.600000e-01
2.729437e+01, 9.880142e-01, 4.880860e-01, 3.800000e-01, 3.789823e-01, 1.017715e-03, 1.189823e-01, 2.600000e-01
2.739437e+01, 9.880042e-01, 4.880761e-01, 3.800000e-01, 3.790319e-01, 9.681163e-04, 1.190319e-01, 2.600000e-01
2.749437e+01, 9.879946e-01, 4.880667e-01, 3.800000e-01, 3.790851e-01, 9.149384e-04, 1.190851e-01, 2.600000e-01
2.759437e+01, 9.879856e-01, 4.880578e-01, 3.800000e-01, 3.791413e-01, 8.587208e-04, 1.191413e-01, 2.600000e-01
2.769437e+01, 9.879772e-01, 4.880495e-01, 3.800000e-01, 3.792000e-01, 7.999938e-04, 1.192000e-01, 2.600000e-01
2.779437e+01, 9.879695e-01, 4.880418e-01, 3.800000e-01, 3.792607e-01, 7.392750e-04, 1.192607e-01, 2.600000e-01
2.789437e+01, 9.879623e-01, 4.880347e-01, 3.800000e-01, 3.793229e-01, 6.770668e-04, 1.193229e-01, 2.600000e-01
2.799437e+01, 9.879558e-01, 4.880283e-01, 3.800000e-01, 3.793861e-01, 6.138540e-04, 1.193861e-01, 2.600000e-01
2.809437e+01, 9.879499e-01, 4.880225e-01, 3.800000e-01, 3.794499e-01, 5.501012e-04, 1.194499e-01, 2.600000e-01
2.819437e+01, 9.879446e-01, 4.880173e-01, 3.800000e-01, 3.795137e-01, 4.862515e-04, 1.195137e-01, 2.600000e-01
2.829437e+01, 9.879400e-01, 4.880127e-01, 3.800000e-01, 3.795773e-01, 4.227244e-04, 1.195773e-01, 2.600000e-01
2.839437e+01, 9.879361e-01, 4.880088e-01, 3.800000e-01, 3.796401e-01, 3.599146e-04, 1.196401e-01, 2.600000e-01
2.849437e+01, 9.879327e-01, 4.880055e-01, 3.800000e-01, 3.797018e-01, 2.981904e-04, 1.197018e-01, 2.600000e-01
2.859437e+01, 9.879300e-01, 4.880029e-01, 3.800000e-01, 3.797621e-01, 2.378933e-04, 1.197621e-01, 2.600000e-01
2.869437e+01, 9.879279e-01, 4.880008e-01, 3.800000e-01, 3.798207e-01, 1.793366e-04, 1.198207e-01, 2.600000e-01
2.879437e+01, 9.879264e-01, 4.879993e-01, 3.800000e-01, 3.798772e-01, 1.228056e-04, 1.198772e-01, 2.600000e-01
2.889437e+01, 9.879254e-01, 4.879983e-01, 3.800000e-01, 3.799314e-01, 6.855671e-05, 1.199314e-01, 2.600000e-01
2.899437e+01, 9.879250e-01, 4.879979e-01, 3.800000e-01, 3.799832e-01, 1.681760e-05, 1.199832e-01, 2.600000e-01
2.909437e+01, 9.879251e-01, 4.879980e-01, 3.800000e-01, 3.800322e-01, -3.221272e-05, 1.200322e-01, 2.600000e-01
2.919437e+01, 9.879256e-01, 4.879985e-01, 3.800000e-01, 3.800784e-01, -7.836363e-05, 1.200784e-01, 2.600000e-01
2.929437e+01, 9.879266e-01, 4.879995e-01, 3.800000e-01, 3.801215e-01, -1.214925e-04, 1.201215e-01, 2.600000e-01
2.939437e+01, 9.879281e-01, 4.880009e-01, 3.800000e-01, 3.801615e-01, -1.614842e-04, 1.201615e-01, 2.600000e-01
2.949437e+01, 9.879299e-01, 4.880027e-01, 3.800000e-01, 3.801982e-01, -1.982499e-04, 1.201982e-01, 2.600000e-01
2.959437e+01, 9.879321e-01, 4.880049e-01, 3.800000e-01, 3.802317e-01, -2.317270e-04, 1.202317e-01, 2.600000e-01
2.969437e+01, 9.879346e-01, 4.880074e-01, 3.800000e-01, 3.802619e-01, -2.618772e-04, 1.202619e-01, 2.600000e-01
2.979437e+01, 9.879374e-01, 4.880101e-01, 3.800000e-01, 3.802887e-01, -2.886861e-04, 1.202887e-01, 2.600000e-01
2.989437e+01, 9.879404e-01, 4.880131e-01, 3.800000e-01, 3.803122e-01, -3.121619e-04, 1.203122e-01, 2.600000e-01
2.999437e+01, 9.879437e-01, 4.880164e-01, 3.800000e-01, 3.803323e-01, -3.323336e-04, 1.203323e-01, 2.600000e-01
3.009437e+01, 9.879471e-01, 4.880198e-01, 3.800000e-01, 3.803493e-01, -3.492504e-04, 1.203493e-01, 2.600000e-01
3.019437e+01, 9.879507e-01, 4.880233e-01, 3.800000e-01, 3.803630e-01, -3.629799e-04, 1.203630e-01, 2.600000e-01
3.029437e+01, 9.879545e-01, 4.880270e-01, 3.800000e-01, 3.803736e-01, -3.736065e-04, 1.203736e-01, 2.600000e-01
3.039437e+01, 9.879583e-01, 4.880308e-01, 3.800000e-01, 3.803812e-01, -3.812302e-04, 1.203812e-01, 2.600000e-01
3.049437e+01, 9.879622e-01, 4.880346e-01, 3.800000e-01, 3.803860e-01, -3.859653e-04, 1.203860e-01, 2.600000e-01
3.059437e+01, 9.879661e-01, 4.880385e-01, 3.800000e-01, 3.803879e-01, -3.879382e-04, 1.203879e-01, 2.600000e-01
3.069437e+01, 9.879700e-01, 4.880424e-01, 3.800000e-01, 3.803873e-01, -3.872867e-04, 1.203873e-01, 2.600000e-01
3.079437e+01, 9.879739e-01, 4.880462e-01, 3.800000e-01, 3.803842e-01, -3.841579e-04, 1.203842e-01, 2.600000e-01
3.089437e+01, 9.879778e-01, 4.880501e-01, 3.800000e-01, 3.803787e-01, -3.787070e-04, 1.203787e-01, 2.600000e-01
3.099437e+01, 9.879816e-01, 4.880538e-01, 3.800000e-01, 3.803711e-01, -3.710960e-04, 1.203711e-01, 2.600000e-01
3.109437e+01, 9.879853e-01, 4.880575e-01, 3.800000e-01, 3.803615e-01, -3.614918e-04, 1.203615e-01, 2.600000e-01
3.119437e+01, 9.879889e-01, 4.880610e-01, 3.800000e-01, 3.803501e-01, -3.500653e-04, 1.203501e-01, 2.600000e-01
3.129437e+01, 9.879924e-01, 4.880645e-01, 3.800000e-01, 3.803370e-01, -3.369899e-04, 1.203370e-01, 2.600000e-01
3.139437e+01, 9.879957e-01, 4.880678e-01, 3.800000e-01, 3.803224e-01, -3.224403e-04, 1.203224e-01, 2.600000e-01
3.149437e+01, 9.879989e-01, 4.880709e-01, 3.800000e-01, 3.803066e-01, -3.065911e-04, 1.203066e-01, 2.600000e-01
3.159437e+01, 9.880019e-01, 4.880739e-01, 3.800000e-01, 3.802896e-01, -2.896161e-04, 1.202896e-01, 2.600000e-01
3.169437e+01, 9.880048e-01, 4.880767e-01, 3.800000e-01, 3.802717e-01, -2.716865e-04, 1.202717e-01, 2.600000e-01
3.179437e+01, 9.880074e-01, 4.880793e-01, 3.800000e-01, 3.802530e-01, -2.529708e-04, 1.202530e-01, 2.600000e-01
3.189437e+01, 9.880099e-01, 4.880818e-01, 3.800000e-01, 3.802336e-01, -2.336333e-04, 1.202336e-01, 2.600000e-01
3.199437e+01, 9.880121e-01, 4.880840e-01, 3.800000e-01, 3.802138e-01, -2.138331e-04, 1.202138e-01, 2.600000e-01
3.209437e+01, 9.880142e-01, 4.880860e-01, 3.800000e-01, 3.801937e-01, -1.937241e-04, 1.201937e-01, 2.600000e-01
3.219437e+01, 9.880161e-01, 4.880879e-01, 3.800000e-01, 3.801735e-01, -1.734534e-04, 1.201735e-01, 2.600000e-01
3.229437e+01, 9.880177e-01, 4.880895e-01, 3.800000e-01, 3.801532e-01, -1.531615e-04, 1.201532e-01, 2.600000e-01
3.239437e+01, 9.880192e-01, 4.880909e-01, 3.800000e-01, 3.801330e-01, -1.329811e-04, 1.201330e-01, 2.600000e-01
3.249437e+01, 9.880204e-01, 4.880922e-01, 3.800000e-01, 3.801130e-01, -1.130370e-04, 1.201130e-01, 2.600000e-01
3.259437e+01, 9.880214e-01, 4.880932e-01, 3.800000e-01, 3.800934e-01, -9.344583e-05, 1.200934e-01, 2.600000e-01
3.269437e+01, 9.880223e-01, 4.880940e-01, 3.800000e-01, 3.800743e-01, -7.431545e-05, 1.200743e-01, 2.600000e-01
3.279437e+01, 9.880230e-01, 4.880947e-01, 3.800000e-01, 3.800557e-01, -5.574486e-05, 1.200557e-01, 2.600000e-01
3.289437e+01, 9.880234e-01, 4.880951e-01, 3.800000e-01, 3.800378e-01, -3.782405e-05, 1.200378e-01, 2.600000e-01
3.299437e+01, 9.880237e-01, 4.880954e-01, 3.800000e-01, 3.800206e-01, -2.063392e-05, 1.200206e-01, 2.600000e-01
3.309437e+01, 9.880238e-01, 4.880956e-01, 3.800000e-01, 3.800042e-01, -4.246171e-06, 1.200042e-01, 2.600000e-01
3.319437e+01, 9.880238e-01, 4.880955e-01, 3.800000e-01, 3.799887e-01, 1.127656e-05, 1.199887e-01, 2.600000e-01
3.329437e+01, 9.880236e-01, 4.880953e-01, 3.800000e-01, 3.799741e-01, 2.588069e-05, 1.199741e-01, 2.600000e-01
3.339437e+01, 9.880233e-01, 4.880950e-01, 3.800000e-01, 3.799605e-01, 3.952150e-05, 1.199605e-01, 2.600000e-01
3.349437e+01, 9.880228e-01, 4.880946e-01, 3.800000e-01, 3.799478e-01, 5.216296e-05, 1.199478e-01, 2.600000e-01
3.359437e+01, 9.880222e-01, 4.880940e-01, 3.800000e-01, 3.799362e-01, 6.377748e-05, 1.199362e-01, 2.600000e-01
3.369437e+01, 9.880215e-01, 4.880933e-01, 3.800000e-01, 3.799257e-01, 7.434564e-05, 1.199257e-01, 2.600000e-01
3.379437e+01, 9.880207e-01, 4.880925e-01, 3.800000e-01, 3.799161e-01, 8.385587e-05, 1.199161e-01, 2.600000e-01
3.389437e+01, 9.880198e-01, 4.880916e-01, 3.800000e-01, 3.799077e-01, 9.230409e-05, 1.199077e-01, 2.600000e-01
3.399437e+01, 9.880189e-01, 4.880906e-01, 3.800000e-01, 3.799003e-01, 9.969333e-05, 1.199003e-01, 2.600000e-01
3.409437e+01, 9.880178e-01, 4.880896e-01, 3.800000e-01, 3.798940e-01, 1.060333e-04, 1.198940e-01, 2.600000e-01
3.419437e+01, 9.880167e-01, 4.880885e-01, 3.800000e-01, 3.798887e-01, 1.113401e-04, 1.198887e-01, 2.600000e-01
3.429437e+01, 9.880156e-01, 4.880874e-01, 3.800000e-01, 3.798844e-01, 1.156355e-04, 1.198844e-01, 2.600000e-01
3.439437e+01, 9.880144e-01, 4.880862e-01, 3.800000e-01, 3.798811e-01, 1.189467e-04, 1.198811e-01, 2.600000e-01
3.449437e+01, 9.880132e-01, 4.880850e-01, 3.800000e-01, 3.798787e-01, 1.213059e-04, 1.198787e-01, 2.600000e-01
3.459437e+01, 9.880119e-01, 4.880838e-01, 3.800000e-01, 3.798773e-01, 1.227496e-04, 1.198773e-01, 2.600000e-01
3.469437e+01, 9.880107e-01, 4.880826e-01, 3.800000e-01, 3.798767e-01, 1.233182e-04, 1.198767e-01, 2.600000e-01
3.479437e+01, 9.880094e-01, 4.880813e-01, 3.800000e-01, 3.798769e-01, 1.230559e-04, 1.198769e-01, 2.600000e-01
3.489437e+01, 9.880082e-01, 4.880801e-01, 3.800000e-01, 3.798780e-01, 1.220094e-04, 1.198780e-01, 2.600000e-01
3.499437e+01, 9.880070e-01, 4.880789e-01, 3.800000e-01, 3.798798e-01, 1.202284e-04, 1.198798e-01, 2.600000e-01
3.509437e+01, 9.880058e-01, 4.880777e-01, 3.800000e-01, 3.798822e-01, 1.177644e-04, 1.198822e-01, 2.600000e-01
3.519437e+01, 9.880046e-01, 4.880765e-01, 3.800000e-01, 3.798853e-01, 1.146705e-04, 1.198853e-01, 2.600000e-01
3.529437e+01, 9.880035e-01, 4.880754e-01, 3.800000e-01, 3.798890e-01, 1.110012e-04, 1.198890e-01, 2.600000e-01
3.539437e+01, 9.880024e-01, 4.880743e-01, 3.800000e-01, 3.798932e-01, 1.068115e-04, 1.198932e-01, 2.600000e-01
3.549437e+01, 9.880013e-01, 4.880733e-01, 3.800000e-01, 3.798978e-01, 1.021571e-04, 1.198978e-01, 2.600000e-01
3.559437e+01, 9.880003e-01, 4.880723e-01, 3.800000e-01, 3.799029e-01, 9.709336e-05, 1.199029e-01, 2.600000e-01
3.569437e+01, 9.879993e-01, 4.880713e-01, 3.800000e-01, 3.799083e-01, 9.167551e-05, 1.199083e-01, 2.600000e-01
3.579437e+01, 9.879984e-01, 4.880704e-01, 3.800000e-01, 3.799140e-01, 8.595796e-05, 1.199140e-01, 2.600000e-01
3.589437e+01, 9.879976e-01, 4.880696e-01, 3.800000e-01, 3.799200e-01, 7.999413e-05, 1.199200e-01, 2.600000e-01
3.599437e+01, 9.879968e-01, 4.880688e-01, 3.800000e-01, 3.799262e-01, 7.383612e-05, 1.199262e-01, 2.600000e-01
3.609437e+01, 9.879961e-01, 4.880681e-01, 3.800000e-01, 3.799325e-01, 6.753447e-05, 1.199325e-01, 2.600000e-01
3.619437e+01, 9.879954e-01, 4.880675e-01, 3.800000e-01, 3.799389e-01, 6.113787e-05, 1.199389e-01, 2.600000e-01
3.629437e+01, 9.879949e-01, 4.880669e-01, 3.800000e-01, 3.799453e-01, 5.469301e-05, 1.199453e-01, 2.600000e-01
3.639437e+01, 9.879943e-01, 4.880664e-01, 3.800000e-01, 3.799518e-01, 4.824432e-05, 1.199518e-01, 2.600000e-01
3.649437e+01, 9.879939e-01, 4.880660e-01, 3.800000e-01, 3.799582e-01, 4.183385e-05, 1.199582e-01, 2.600000e-01
3.659437e+01, 9.879935e-01, 4.880656e-01, 3.800000e-01, 3.799645e-01, 3.550111e-05, 1.199645e-01, 2.600000e-01
3.669437e+01, 9.879932e-01, 4.880652e-01, 3.800000e-01, 3.799707e-01, 2.928296e-05, 1.199707e-01, 2.600000e-01
3.679437e+01, 9.879929e-01, 4.880650e-01, 3.800000e-01, 3.799768e-01, 2.321348e-05, 1.199768e-01, 2.600000e-01
3.689437e+01, 9.879927e-01, 4.880648e-01, 3.800000e-01, 3.799827e-01, 1.732397e-05, 1.199827e-01, 2.600000e-01
3.699437e+01, 9.879925e-01, 4.880646e-01, 3.800000e-01, 3.799884e-01, 1.164284e-05, 1.199884e-01, 2.600000e-01
3.709437e+01, 9.879925e-01, 4.880645e-01, 3.800000e-01, 3.799938e-01, 6.195588e-06, 1.199938e-01, 2.600000e-01
3.719437e+01, 9.879924e-01, 4.880645e-01, 3.800000e-01, 3.799990e-01, 1.004823e-06, 1.199990e-01, 2.600000e-01
3.729437e+01, 9.879924e-01, 4.880645e-01, 3.800000e-01, 3.800039e-01, -3.909749e-06, 1.200039e-01, 2.600000e-01
3.739437e+01, 9.879925e-01, 4.880646e-01, 3.800000e-01, 3.800085e-01, -8.531283e-06, 1.200085e-01, 2.600000e-01
3.749437e+01, 9.879926e-01, 4.880647e-01, 3.800000e-01, 3.800128e-01, -1.284576e-05, 1.200128e-01, 2.600000e-01
3.759437e+01, 9.879928e-01, 4.880648e-01, 3.800000e-01, 3.800168e-01, -1.684190e-05, 1.200168e-01, 2.600000e-01
3.769437e+01, 9.879929e-01, 4.880650e-01, 3.800000e-01, 3.800205e-01, -2.051113e-05, 1.200205e-01, 2.600000e-01
3.779437e+01, 9.879932e-01, 4.880653e-01, 3.800000e-01, 3.800238e-01, -2.384743e-05, 1.200238e-01, 2.600000e-01
3.789437e+01, 9.879934e-01, 4.880655e-01, 3.800000e-01, 3.800268e-01, -2.684731e-05, 1.200268e-01, 2.600000e-01
3.799437e+01, 9.879937e-01, 4.880658e-01, 3.800000e-01, 3.800295e-01, -2.950962e-05, 1.200295e-01, 2.600000e-01
3.809437e+01, 9.879940e-01, 4.880661e-01, 3.800000e-01, 3.800318e-01, -3.183546e-05, 1.200318e-01, 2.600000e-01
3.819437e+01, 9.879944e-01, 4.880664e-01, 3.800000e-01, 3.800338e-01, -3.382809e-05, 1.200338e-01, 2.600000e-01
3.829437e+01, 9.879947e-01, 4.880668e-01, 3.800000e-01, 3.800355e-01, -3.549271e-05, 1.200355e-01, 2.600000e-01
3.839437e+01, 9.879951e-01, 4.880671e-01, 3.800000e-01, 3.800368e-01, -3.683639e-05, 1.200368e-01, 2.600000e-01
3.849437e+01, 9.879955e-01, 4.880675e-01, 3.800000e-01, 3.800379e-01, -3.786790e-05, 1.200379e-01, 2.600000e-01
3.859437e+01, 9.879958e-01, 4.880679e-01, 3.800000e-01, 3.800386e-01, -3.859754e-05, 1.200386e-01, 2.600000e-01
3.869437e+01, 9.879962e-01, 4.880683e-01, 3.800000e-01, 3.800390e-01, -3.903703e-05, 1.200390e-01, 2.600000e-01
3.879437e+01, 9.879966e-01, 4.880687e-01, 3.800000e-01, 3.800392e-01, -3.919931e-05, 1.200392e-01, 2.600000e-01
3.889437e+01, 9.879970e-01, 4.880691e-01, 3.800000e-01, 3.800391e-01, -3.909843e-05, 1.200391e-01, 2.600000e-01
3.899437e+01, 9.879974e-01, 4.880694e-01, 3.800000e-01, 3.800387e-01, -3.874938e-05, 1.200387e-01, 2.600000e-01
3.909437e+01, 9.879978e-01, 4.880698e-01, 3.800000e-01, 3.800382e-01, -3.816793e-05, 1.200382e-01, 2.600000e-01
3.919437e+01, 9.879982e-01, 4.880702e-01, 3.800000e-01, 3.800374e-01, -3.737052e-05, 1.200374e-01, 2.600000e-01
3.929437e+01, 9.879986e-01, 4.880706e-01, 3.800000e-01, 3.800364e-01, -3.637409e-05, 1.200364e-01, 2.600000e-01
3.939437e+01, 9.879989e-01, 4.880709e-01, 3.800000e-01, 3.800352e-01, -3.519594e-05, 1.200352e-01, 2.600000e-01
3.949437e+01, 9.879993e-01, 4.880713e-01, 3.800000e-01, 3.800339e-01, -3.385360e-05, 1.200339e-01, 2.600000e-01
3.959437e+01, 9.879996e-01, 4.880716e-01, 3.800000e-01, 3.800324e-01, -3.236474e-05, 1.200324e-01, 2.600000e-01
3.969437e+01, 9.879999e-01, 4.880719e-01, 3.800000e-01, 3.800307e-01, -3.074699e-05, 1.200307e-01, 2.600000e-01
3.979437e+01, 9.880002e-01, 4.880722e-01, 3.800000e-01, 3.800290e-01, -2.901786e-05, 1.200290e-01, 2.600000e-01
3.989437e+01, 9.880005e-01, 4.880725e-01, 3.800000e-01, 3.800272e-01, -2.719465e-05, 1.200272e-01, 2.600000e-01
3.999437e+01, 9.880008e-01, 4.880728e-01, 3.800000e-01, 3.800253e-01, -2.529430e-05, 1.200253e-01, 2.600000e-01
4.000000e+01, 9.880008e-01, 4.880728e-01, 3.800000e-01, 3.800252e-01, -2.518543e-05, 1.200252e-01, 2.600000e-01
4.000000e+01, 9.880008e-01, 4.880728e-01, 3.800000e-01, 3.800252e-01, -2.518543e-05, 1.200252e-01, 2.600000e-01
4.000000e+01, 9.880008e-01, 4.880728e-01, 3.800000e-01, 3.800252e-01, -2.518543e-05, 1.200252e-01, 2.600000e-01
4.010000e+01, 9.880026e-01, 4.880745e-01, 3.800000e-01, 3.803232e-01, -3.231890e-04, 1.200232e-01, 2.603000e-01
4.020000e+01, 9.880073e-01, 4.880793e-01, 3.800000e-01, 3.806208e-01, -6.207857e-04, 1.200209e-01, 2.605998e-01
4.030000e+01, 9.880151e-01, 4.880869e-01, 3.800000e-01, 3.809168e-01, -9.168432e-04, 1.200173e-01, 2.608996e-01
4.040000e+01, 9.880259e-01, 4.880976e-01, 3.800000e-01, 3.812097e-01, -1.209670e-03, 1.200106e-01, 2.611991e-01
4.050000e+01, 9.880396e-01, 4.881111e-01, 3.800000e-01, 3.814975e-01, -1.497543e-03, 1.199993e-01, 2.614983e-01
4.060000e+01, 9.880562e-01, 4.881275e-01, 3.800000e-01, 3.817788e-01, -1.778803e-03, 1.199817e-01, 2.617971e-01
4.070000e+01, 9.880756e-01, 4.881467e-01, 3.800000e-01, 3.820519e-01, -2.051902e-03, 1.199565e-01, 2.620954e-01
4.080000e+01, 9.880977e-01, 4.881685e-01, 3.800000e-01, 3.823154e-01, -2.315422e-03, 1.199222e-01, 2.623933e-01
4.090000e+01, 9.881224e-01, 4.881929e-01, 3.800000e-01, 3.825681e-01, -2.568075e-03, 1.198776e-01, 2.626905e-01
4.100000e+01, 9.881496e-01, 4.882198e-01, 3.800000e-01, 3.828087e-01, -2.808715e-03, 1.198216e-01, 2.629871e-01
4.110000e+01, 9.881792e-01, 4.882491e-01, 3.800000e-01, 3.830363e-01, -3.036333e-03, 1.197533e-01, 2.632830e-01
4.120000e+01, 9.882110e-01, 4.882805e-01, 3.800000e-01, 3.832501e-01, -3.250060e-03, 1.196719e-01, 2.635781e-01
4.130000e+01, 9.882449e-01, 4.883140e-01, 3.800000e-01, 3.834492e-01, -3.449163e-03, 1.195767e-01, 2.638724e-01
4.140000e+01, 9.882808e-01, 4.883494e-01, 3.800000e-01, 3.836330e-01, -3.633045e-03, 1.194672e-01, 2.641659e-01
4.150000e+01, 9.883184e-01, 4.883866e-01, 3.800000e-01, 3.838012e-01, -3.801242e-03, 1.193428e-01, 2.644584e-01
4.160000e+01, 9.883576e-01, 4.884254e-01, 3.800000e-01, 3.839534e-01, -3.953416e-03, 1.192035e-01, 2.647499e-01
4.170000e+01, 9.883983e-01, 4.884656e-01, 3.800000e-01, 3.840894e-01, -4.089354e-03, 1.190489e-01, 2.650405e-01
4.180000e+01, 9.884403e-01, 4.885071e-01, 3.800000e-01, 3.842090e-01, -4.208962e-03, 1.188789e-01, 2.653300e-01
4.190000e+01, 9.884835e-01, 4.885498e-01, 3.800000e-01, 3.843123e-01, -4.312257e-03, 1.186938e-01, 2.656185e-01
4.200000e+01, 9.885275e-01, 4.885933e-01, 3.800000e-01, 3.843994e-01, -4.399366e-03, 1.184935e-01, 2.659058e-01
4.210000e+01, 9.885724e-01, 4.886377e-01, 3.800000e-01, 3.844705e-01, -4.470515e-03, 1.182784e-01, 2.661921e-01
4.220000e+01, 9.886179e-01, 4.886827e-01, 3.800000e-01, 3.845260e-01, -4.526024e-03, 1.180488e-01, 2.664772e-01
4.230000e+01, 9.886639e-01, 4.887282e-01, 3.800000e-01, 3.845663e-01, -4.566300e-03, 1.178051e-01, 2.667612e-01
4.240000e+01, 9.887102e-01, 4.887740e-01, 3.800000e-01, 3.845918e-01, -4.591828e-03, 1.175478e-01, 2.670440e-01
4.250000e+01, 9.887568e-01, 4.888200e-01, 3.800000e-01, 3.846032e-01, -4.603169e-03, 1.172775e-01, 2.673257e-01
4.260000e+01, 9.888033e-01, 4.888660e-01, 3.800000e-01, 3.846009e-01, -4.600946e-03, 1.169948e-01, 2.676062e-01
4.270000e+01, 9.888498e-01, 4.889119e-01, 3.800000e-01, 3.845858e-01, -4.585838e-03, 1.167003e-01, 2.678855e-01
4.280000e+01, 9.888960e-01, 4.889577e-01, 3.800000e-01, 3.845586e-01, -4.558578e-03, 1.163949e-01, 2.681637e-01
4.290000e+01, 9.889419e-01, 4.890031e-01, 3.800000e-01, 3.845199e-01, -4.519937e-03, 1.160792e-01, 2.684407e-01
4.300000e+01, 9.889874e-01, 4.890480e-01, 3.800000e-01, 3.844707e-01, -4.470723e-03, 1.157541e-01, 2.687166e-01
4.310000e+01, 9.890323e-01, 4.890925e-01, 3.800000e-01, 3.844118e-01, -4.411772e-03, 1.154204e-01, 2.689913e-01
4.320000e+01, 9.890766e-01, 4.891362e-01, 3.800000e-01, 3.843439e-01, -4.343940e-03, 1.150790e-01, 2.692650e-01
4.330000e+01, 9.891201e-01, 4.891793e-01, 3.800000e-01, 3.842681e-01, -4.268097e-03, 1.147306e-01, 2.695375e-01
4.340000e+01, 9.891629e-01, 4.892216e-01, 3.800000e-01, 3.841851e-01, -4.185122e-03, 1.143761e-01, 2.698090e-01
4.350000e+01, 9.892047e-01, 4.892630e-01, 3.800000e-01, 3.840959e-01, -4.095894e-03, 1.140165e-01, 2.700794e-01
4.360000e+01, 9.892456e-01, 4.893035e-01, 3.800000e-01, 3.840013e-01, -4.001287e-03, 1.136525e-01, 2.703488e-01
4.370000e+01, 9.892856e-01, 4.893430e-01, 3.800000e-01, 3.839022e-01, -3.902166e-03, 1.132851e-01, 2.706171e-01
4.380000e+01, 9.893245e-01, 4.893815e-01, 3.800000e-01, 3.837994e-01, -3.799381e-03, 1.129149e-01, 2.708845e-01
4.390000e+01, 9.893624e-01, 4.894190e-01, 3.800000e-01, 3.836938e-01, -3.693760e-03, 1.125429e-01, 2.711509e-01
4.400000e+01, 9.893992e-01, 4.894554e-01, 3.800000e-01, 3.835861e-01, -3.586110e-03, 1.121697e-01, 2.714164e-01
4.410000e+01, 9.894349e-01, 4.894907e-01, 3.800000e-01, 3.834772e-01, -3.477206e-03, 1.117963e-01, 2.716809e-01
4.420000e+01, 9.894695e-01, 4.895249e-01, 3.800000e-01, 3.833678e-01, -3.367792e-03, 1.114232e-01, 2.719446e-01
4.430000e+01, 9.895030e-01, 4.895581e-01, 3.800000e-01, 3.832586e-01, -3.258577e-03, 1.110511e-01, 2.722075e-01
4.440000e+01, 9.895353e-01, 4.895901e-01, 3.800000e-01, 3.831502e-01, -3.150231e-03, 1.106807e-01, 2.724695e-01
4.450000e+01, 9.895666e-01, 4.896211e-01, 3.800000e-01, 3.830434e-01, -3.043385e-03, 1.103127e-01, 2.727307e-01
4.460000e+01, 9.895969e-01, 4.896510e-01, 3.800000e-01, 3.829386e-01, -2.938624e-03, 1.099474e-01, 2.729912e-01
4.470000e+01, 9.896260e-01, 4.896798e-01, 3.800000e-01, 3.828365e-01, -2.836493e-03, 1.095856e-01, 2.732509e-01
4.480000e+01, 9.896542e-01, 4.897077e-01, 3.800000e-01, 3.827375e-01, -2.737487e-03, 1.092276e-01, 2.735099e-01
4.490000e+01, 9.896814e-01, 4.897346e-01, 3.800000e-01, 3.826421e-01, -2.642058e-03, 1.088739e-01, 2.737682e-01
4.500000e+01, 9.897076e-01, 4.897606e-01, 3.800000e-01, 3.825506e-01, -2.550608e-03, 1.085248e-01, 2.740258e-01
4.510000e+01, 9.897329e-01, 4.897856e-01, 3.800000e-01, 3.824635e-01, -2.463495e-03, 1.081807e-01, 2.742828e-01
4.520000e+01, 9.897574e-01, 4.898098e-01, 3.800000e-01, 3.823810e-01, -2.381026e-03, 1.078418e-01, 2.745392e-01
4.530000e+01, 9.897811e-01, 4.898333e-01, 3.800000e-01, 3.823035e-01, -2.303465e-03, 1.075085e-01, 2.747950e-01
4.540000e+01, 9.898040e-01, 4.898559e-01, 3.800000e-01, 3.822310e-01, -2.231028e-03, 1.071809e-01, 2.750501e-01
4.550000e+01, 9.898262e-01, 4.898779e-01, 3.800000e-01, 3.821639e-01, -2.163885e-03, 1.068591e-01, 2.753048e-01
4.560000e+01, 9.898477e-01, 4.898992e-01, 3.800000e-01, 3.821022e-01, -2.102165e-03, 1.065433e-01, 2.755588e-01
4.570000e+01, 9.898686e-01, 4.899200e-01, 3.800000e-01, 3.820460e-01, -2.045952e-03, 1.062336e-01, 2.758124e-01
4.580000e+01, 9.898891e-01, 4.899402e-01, 3.800000e-01, 3.819953e-01, -1.995291e-03, 1.059299e-01, 2.760654e-01
4.590000e+01, 9.899090e-01, 4.899599e-01, 3.800000e-01, 3.819502e-01, -1.950188e-03, 1.056323e-01, 2.763179e-01
4.600000e+01, 9.899285e-01, 4.899792e-01, 3.800000e-01, 3.819106e-01, -1.910610e-03, 1.053406e-01, 2.765700e-01
4.610000e+01, 9.899476e-01, 4.899981e-01, 3.800000e-01, 3.818765e-01, -1.876492e-03, 1.050550e-01, 2.768215e-01
4.620000e+01, 9.899664e-01, 4.900167e-01, 3.800000e-01, 3.818477e-01, -1.847735e-03, 1.047751e-01, 2.770726e-01
4.630000e+01, 9.899849e-01, 4.900351e-01, 3.800000e-01, 3.818242e-01, -1.824211e-03, 1.045010e-01, 2.773232e-01
4.640000e+01, 9.900033e-01, 4.900532e-01, 3.800000e-01, 3.818058e-01, -1.805762e-03, 1.042324e-01, 2.775733e-01
4.650000e+01, 9.900214e-01, 4.900712e-01, 3.800000e-01, 3.817922e-01, -1.792207e-03, 1.039692e-01, 2.778230e-01
4.660000e+01, 9.900395e-01, 4.900891e-01, 3.800000e-01, 3.817833e-01, -1.783341e-03, 1.037111e-01, 2.780723e-01
4.670000e+01, 9.900575e-01, 4.901069e-01, 3.800000e-01, 3.817789e-01, -1.778941e-03, 1.034579e-01, 2.783211e-01
4.680000e+01, 9.900754e-01, 4.901247e-01, 3.800000e-01, 3.817788e-01, -1.778763e-03, 1.032094e-01, 2.785694e-01
4.690000e+01, 9.900934e-01, 4.901425e-01, 3.800000e-01, 3.817825e-01, -1.782550e-03, 1.029653e-01, 2.788173e-01
4.700000e+01, 9.901115e-01, 4.901604e-01, 3.800000e-01, 3.817900e-01, -1.790031e-03, 1.027253e-01, 2.790647e-01
4.710000e+01, 9.901296e-01, 4.901783e-01, 3.800000e-01, 3.818009e-01, -1.800928e-03, 1.024892e-01, 2.793117e-01
4.720000e+01, 9.901479e-01, 4.901964e-01, 3.800000e-01, 3.818150e-01, -1.814951e-03, 1.022567e-01, 2.795582e-01
4.730000e+01, 9.901663e-01, 4.902146e-01, 3.800000e-01, 3.818318e-01, -1.831807e-03, 1.020275e-01, 2.798043e-01
4.740000e+01, 9.901849e-01, 4.902330e-01, 3.800000e-01, 3.818512e-01, -1.851199e-03, 1.018013e-01, 2.800499e-01
4.750000e+01, 9.902037e-01, 4.902516e-01, 3.800000e-01, 3.818728e-01, -1.872830e-03, 1.015778e-01, 2.802951e-01
4.760000e+01, 9.902227e-01, 4.902705e-01, 3.800000e-01, 3.818964e-01, -1.896401e-03, 1.013567e-01, 2.805397e-01
4.770000e+01, 9.902420e-01, 4.902896e-01, 3.800000e-01, 3.819216e-01, -1.921619e-03, 1.011377e-01, 2.807839e-01
4.780000e+01, 9.902615e-01, 4.903089e-01, 3.800000e-01, 3.819482e-01, -1.948194e-03, 1.009206e-01, 2.810276e-01
4.790000e+01, 9.902813e-01, 4.903285e-01, 3.800000e-01, 3.819758e-01, -1.975842e-03, 1.007050e-01, 2.812709e-01
4.800000e+01, 9.903014e-01, 4.903484e-01, 3.800000e-01, 3.820043e-01, -2.004288e-03, 1.004907e-01, 2.815136e-01
4.810000e+01, 9.903218e-01, 4.903686e-01, 3.800000e-01, 3.820333e-01, -2.033265e-03, 1.002775e-01, 2.817558e-01
4.820000e+01, 9.903425e-01, 4.903891e-01, 3.800000e-01, 3.820625e-01, -2.062517e-03, 1.000650e-01, 2.819975e-01
4.830000e+01, 9.903635e-01, 4.904099e-01, 3.800000e-01, 3.820918e-01, -2.091801e-03, 9.985314e-02, 2.822387e-01
4.840000e+01, 9.903847e-01, 4.904310e-01, 3.800000e-01, 3.821209e-01, -2.120883e-03, 9.964158e-02, 2.824793e-01
4.850000e+01, 9.904063e-01, 4.904523e-01, 3.800000e-01, 3.821495e-01, -2.149547e-03, 9.943013e-02, 2.827194e-01
4.860000e+01, 9.904281e-01, 4.904739e-01, 3.800000e-01, 3.821776e-01, -2.177588e-03, 9.921860e-02, 2.829590e-01
4.870000e+01, 9.904503e-01, 4.904959e-01, 3.800000e-01, 3.822048e-01, -2.204818e-03, 9.900681e-02, 2.831980e-01
4.880000e+01, 9.904726e-01, 4.905180e-01, 3.800000e-01, 3.822311e-01, -2.231062e-03, 9.879459e-02, 2.834365e-01
4.890000e+01, 9.904953e-01, 4.905405e-01, 3.800000e-01, 3.822562e-01, -2.256162e-03, 9.858178e-02, 2.836744e-01
4.900000e+01, 9.905182e-01, 4.905632e-01, 3.800000e-01, 3.822800e-01, -2.279976e-03, 9.836827e-02, 2.839117e-01
4.910000e+01, 9.905413e-01, 4.905861e-01, 3.800000e-01, 3.823024e-01, -2.302378e-03, 9.815391e-02, 2.841485e-01
4.920000e+01, 9.905647e-01, 4.906092e-01, 3.800000e-01, 3.823233e-01, -2.323258e-03, 9.793862e-02, 2.843846e-01
4.930000e+01, 9.905882e-01, 4.906325e-01, 3.800000e-01, 3.823425e-01, -2.342522e-03, 9.772229e-02, 2.846202e-01
4.940000e+01, 9.906120e-01, 4.906560e-01, 3.800000e-01, 3.823601e-01, -2.360090e-03, 9.750486e-02, 2.848552e-01
4.950000e+01, 9.906359e-01, 4.906797e-01, 3.800000e-01, 3.823759e-01, -2.375900e-03, 9.728627e-02, 2.850896e-01
4.960000e+01, 9.906599e-01, 4.907036e-01, 3.800000e-01, 3.823899e-01, -2.389903e-03, 9.706647e-02, 2.853234e-01
4.970000e+01, 9.906841e-01, 4.907275e-01, 3.800000e-01, 3.824021e-01, -2.402066e-03, 9.684543e-02, 2.855566e-01
4.980000e+01, 9.907084e-01, 4.907516e-01, 3.800000e-01, 3.824124e-01, -2.412369e-03, 9.662314e-02, 2.857892e-01
4.990000e+01, 9.907328e-01, 4.907758e-01, 3.800000e-01, 3.824208e-01, -2.420806e-03, 9.639960e-02, 2.860212e-01
5.000000e+01, 9.907573e-01, 4.908000e-01, 3.800000e-01, 3.824274e-01, -2.427382e-03, 9.617480e-02, 2.862526e-01
5.010000e+01, 9.907818e-01, 4.908243e-01, 3.800000e-01, 3.824321e-01, -2.432117e-03, 9.594877e-02, 2.864833e-01
5.020000e+01, 9.908064e-01, 4.908486e-01, 3.800000e-01, 3.824350e-01, -2.435039e-03, 9.572155e-02, 2.867135e-01
5.030000e+01, 9.908310e-01, 4.908730e-01, 3.800000e-01, 3.824362e-01, -2.436190e-03, 9.549316e-02, 2.869430e-01
5.040000e+01, 9.908555e-01, 4.908973e-01, 3.800000e-01, 3.824356e-01, -2.435619e-03, 9.526367e-02, 2.871719e-01
5.050000e+01, 9.908801e-01, 4.909217e-01, 3.800000e-01, 3.824334e-01, -2.433384e-03, 9.503313e-02, 2.874002e-01
5.060000e+01, 9.909046e-01, 4.909460e-01, 3.800000e-01, 3.824296e-01, -2.429553e-03, 9.480161e-02, 2.876279e-01
5.070000e+01, 9.909291e-01, 4.909703e-01, 3.800000e-01, 3.824242e-01, -2.424199e-03, 9.456918e-02, 2.878550e-01
5.080000e+01, 9.909536e-01, 4.909945e-01, 3.800000e-01, 3.824174e-01, -2.417402e-03, 9.433592e-02, 2.880815e-01
5.090000e+01, 9.909779e-01, 4.910186e-01, 3.800000e-01, 3.824092e-01, -2.409248e-03, 9.410191e-02, 2.883073e-01
5.100000e+01, 9.910022e-01, 4.910427e-01, 3.800000e-01, 3.823998e-01, -2.399827e-03, 9.386724e-02, 2.885326e-01
5.110000e+01, 9.910264e-01, 4.910666e-01, 3.800000e-01, 3.823892e-01, -2.389233e-03, 9.363200e-02, 2.887572e-01
5.120000e+01, 9.910504e-01, 4.910905e-01, 3.800000e-01, 3.823776e-01, -2.377562e-03, 9.339629e-02, 2.889813e-01
5.130000e+01, 9.910743e-01, 4.911142e-01, 3.800000e-01, 3.823649e-01, -2.364913e-03, 9.316020e-02, 2.892047e-01
5.140000e+01, 9.910981e-01, 4.911377e-01, 3.800000e-01, 3.823514e-01, -2.351386e-03, 9.292383e-02, 2.894276e-01
5.150000e+01, 9.911218e-01, 4.911612e-01, 3.800000e-01, 3.823371e-01, -2.337083e-03, 9.268728e-02, 2.896498e-01
5.160000e+01, 9.911453e-01, 4.911845e-01, 3.800000e-01, 3.823221e-01, -2.322103e-03, 9.245064e-02, 2.898715e-01
5.170000e+01, 9.911686e-01, 4.912076e-01, 3.800000e-01, 3.823065e-01, -2.306548e-03, 9.221400e-02, 2.900925e-01
5.180000e+01, 9.911918e-01, 4.912306e-01, 3.800000e-01, 3.822905e-01, -2.290516e-03, 9.197748e-02, 2.903130e-01
5.190000e+01, 9.912149e-01, 4.912534e-01, 3.800000e-01, 3.822741e-01, -2.274103e-03, 9.174115e-02, 2.905330e-01
5.200000e+01, 9.912377e-01, 4.912761e-01, 3.800000e-01, 3.822574e-01, -2.257405e-03, 9.150511e-02, 2.907523e-01
5.210000e+01, 9.912604e-01, 4.912986e-01, 3.800000e-01, 3.822405e-01, -2.240511e-03, 9.126944e-02, 2.909711e-01
5.220000e+01, 9.912829e-01, 4.913209e-01, 3.800000e-01, 3.822235e-01, -2.223511e-03, 9.103423e-02, 2.911893e-01
5.230000e+01, 9.913053e-01, 4.913431e-01, 3.800000e-01, 3.822065e-01, -2.206488e-03, 9.079956e-02, 2.914069e-01
5.240000e+01, 9.913274e-01, 4.913650e-01, 3.800000e-01, 3.821895e-01, -2.189523e-03, 9.056551e-02, 2.916240e-01
5.250000e+01, 9.913494e-01, 4.913868e-01, 3.800000e-01, 3.821727e-01, -2.172691e-03, 9.033214e-02, 2.918406e-01
5.260000e+01, 9.913713e-01, 4.914085e-01, 3.800000e-01, 3.821561e-01, -2.156062e-03, 9.009952e-02, 2.920565e-01
5.270000e+01, 9.913929e-01, 4.914300e-01, 3.800000e-01, 3.821397e-01, -2.139702e-03, 8.986771e-02, 2.922720e-01
5.280000e+01, 9.914144e-01, 4.914513e-01, 3.800000e-01, 3.821237e-01, -2.123673e-03, 8.963677e-02, 2.924869e-01
5.290000e+01, 9.914358e-01, 4.914724e-01, 3.800000e-01, 3.821080e-01, -2.108029e-03, 8.940676e-02, 2.927013e-01
5.300000e+01, 9.914570e-01, 4.914934e-01, 3.800000e-01, 3.820928e-01, -2.092821e-03, 8.917771e-02, 2.929151e-01
5.310000e+01, 9.914780e-01, 4.915143e-01, 3.800000e-01, 3.820781e-01, -2.078093e-03, 8.894967e-02, 2.931284e-01
5.320000e+01, 9.914989e-01, 4.915350e-01, 3.800000e-01, 3.820639e-01, -2.063885e-03, 8.872267e-02, 2.933412e-01
5.330000e+01, 9.915196e-01, 4.915556e-01, 3.800000e-01, 3.820502e-01, -2.050229e-03, 8.849675e-02, 2.935535e-01
5.340000e+01, 9.915402e-01, 4.915760e-01, 3.800000e-01, 3.820372e-01, -2.037156e-03, 8.827192e-02, 2.937652e-01
5.350000e+01, 9.915607e-01, 4.915963e-01, 3.800000e-01, 3.820247e-01, -2.024687e-03, 8.804821e-02, 2.939765e-01
5.360000e+01, 9.915811e-01, 4.916165e-01, 3.800000e-01, 3.820128e-01, -2.012842e-03, 8.782564e-02, 2.941872e-01
5.370000e+01, 9.916013e-01, 4.916366e-01, 3.800000e-01, 3.820016e-01, -2.001633e-03, 8.760421e-02, 2.943974e-01
5.380000e+01, 9.916215e-01, 4.916566e-01, 3.800000e-01, 3.819911e-01, -1.991068e-03, 8.738393e-02, 2.946071e-01
5.390000e+01, 9.916415e-01, 4.916764e-01, 3.800000e-01, 3.819812e-01, -1.981152e-03, 8.716480e-02, 2.948163e-01
5.400000e+01, 9.916614e-01, 4.916962e-01, 3.800000e-01, 3.819719e-01, -1.971883e-03, 8.694682e-02, 2.950251e-01
5.410000e+01, 9.916813e-01, 4.917159e-01, 3.800000e-01, 3.819633e-01, -1.963258e-03, 8.672998e-02, 2.952333e-01
5.420000e+01, 9.917010e-01, 4.917354e-01, 3.800000e-01, 3.819553e-01, -1.955266e-03, 8.651427e-02, 2.954410e-01
5.430000e+01, 9.917207e-01, 4.917550e-01, 3.800000e-01, 3.819479e-01, -1.947896e-03, 8.629967e-02, 2.956482e-01
5.440000e+01, 9.917403e-01, 4.917744e-01, 3.800000e-01, 3.819411e-01, -1.941133e-03, 8.608617e-02, 2.958550e-01
5.450000e+01, 9.917598e-01, 4.917938e-01, 3.800000e-01, 3.819350e-01, -1.934956e-03, 8.587374e-02, 2.960612e-01
5.460000e+01, 9.917793e-01, 4.918131e-01, 3.800000e-01, 3.819293e-01, -1.929345e-03, 8.566237e-02, 2.962670e-01
5.470000e+01, 9.917987e-01, 4.918324e-01, 3.800000e-01, 3.819243e-01, -1.924276e-03, 8.545203e-02, 2.964722e-01
5.480000e+01, 9.918181e-01, 4.918516e-01, 3.800000e-01, 3.819197e-01, -1.919722e-03, 8.524268e-02, 2.966770e-01
5.490000e+01, 9.918375e-01, 4.918708e-01, 3.800000e-01, 3.819157e-01, -1.915654e-03, 8.503431e-02, 2.968813e-01
5.500000e+01, 9.918567e-01, 4.918899e-01, 3.800000e-01, 3.819120e-01, -1.912043e-03, 8.482688e-02, 2.970852e-01
5.510000e+01, 9.918760e-01, 4.919090e-01, 3.800000e-01, 3.819089e-01, -1.908857e-03, 8.462035e-02, 2.972885e-01
5.520000e+01, 9.918952e-01, 4.919281e-01, 3.800000e-01, 3.819061e-01, -1.906065e-03, 8.441470e-02, 2.974914e-01
5.530000e+01, 9.919144e-01, 4.919471e-01, 3.800000e-01, 3.819036e-01, -1.903632e-03, 8.420989e-02, 2.976937e-01
5.540000e+01, 9.919336e-01, 4.919662e-01, 3.800000e-01, 3.819015e-01, -1.901525e-03, 8.400588e-02, 2.978956e-01
5.550000e+01, 9.919528e-01, 4.919852e-01, 3.800000e-01, 3.818997e-01, -1.899709e-03, 8.380265e-02, 2.980971e-01
5.560000e+01, 9.919719e-01, 4.920042e-01, 3.800000e-01, 3.818982e-01, -1.898151e-03, 8.360015e-02, 2.982980e-01
5.570000e+01, 9.919911e-01, 4.920231e-01, 3.800000e-01, 3.818968e-01, -1.896817e-03, 8.339835e-02, 2.984985e-01
5.580000e+01, 9.920102e-01, 4.920421e-01, 3.800000e-01, 3.818957e-01, -1.895672e-03, 8.319722e-02, 2.986985e-01
5.590000e+01, 9.920293e-01, 4.920610e-01, 3.800000e-01, 3.818947e-01, -1.894685e-03, 8.299673e-02, 2.988980e-01
5.600000e+01, 9.920484e-01, 4.920800e-01, 3.800000e-01, 3.818938e-01, -1.893822e-03, 8.279683e-02, 2.990970e-01
5.610000e+01, 9.920675e-01, 4.920989e-01, 3.800000e-01, 3.818931e-01, -1.893052e-03, 8.259751e-02, 2.992955e-01
5.620000e+01, 9.920865e-01, 4.921178e-01, 3.800000e-01, 3.818923e-01, -1.892345e-03, 8.239873e-02, 2.994936e-01
5.630000e+01, 9.921056e-01, 4.921368e-01, 3.800000e-01, 3.818917e-01, -1.891671e-03, 8.220046e-02, 2.996912e-01
5.640000e+01, 9.921247e-01, 4.921557e-01, 3.800000e-01, 3.818910e-01, -1.891004e-03, 8.200267e-02, 2.998883e-01
5.650000e+01, 9.921437e-01, 4.921746e-01, 3.800000e-01, 3.818903e-01, -1.890317e-03, 8.180534e-02, 3.000850e-01
5.660000e+01, 9.921628e-01, 4.921935e-01, 3.800000e-01, 3.818896e-01, -1.889586e-03, 8.160844e-02, 3.002811e-01
5.670000e+01, 9.921818e-01, 4.922124e-01, 3.800000e-01, 3.818888e-01, -1.888787e-03, 8.141194e-02, 3.004768e-01
5.680000e+01, 9.922008e-01, 4.922313e-01, 3.800000e-01, 3.818879e-01, -1.887899e-03, 8.121584e-02, 3.006721e-01
5.690000e+01, 9.922199e-01, 4.922501e-01, 3.800000e-01, 3.818869e-01, -1.886903e-03, 8.102010e-02, 3.008668e-01
5.700000e+01, 9.922389e-01, 4.922690e-01, 3.800000e-01, 3.818858e-01, -1.885782e-03, 8.082472e-02, 3.010611e-01
5.710000e+01, 9.922579e-01, 4.922878e-01, 3.800000e-01, 3.818845e-01, -1.884518e-03, 8.062966e-02, 3.012549e-01
5.720000e+01, 9.922769e-01, 4.923067e-01, 3.800000e-01, 3.818831e-01, -1.883099e-03, 8.043493e-02, 3.014482e-01
5.730000e+01, 9.922958e-01, 4.923255e-01, 3.800000e-01, 3.818815e-01, -1.881512e-03, 8.024050e-02, 3.016410e-01
5.740000e+01, 9.923148e-01, 4.923443e-01, 3.800000e-01, 3.818797e-01, -1.879747e-03, 8.004637e-02, 3.018334e-01
5.750000e+01, 9.923337e-01, 4.923631e-01, 3.800000e-01, 3.818778e-01, -1.877794e-03, 7.985252e-02, 3.020253e-01
5.760000e+01, 9.923526e-01, 4.923819e-01, 3.800000e-01, 3.818756e-01, -1.875648e-03, 7.965895e-02, 3.022167e-01
5.770000e+01, 9.923715e-01, 4.924006e-01, 3.800000e-01, 3.818733e-01, -1.873304e-03, 7.946566e-02, 3.024076e-01
5.780000e+01, 9.923904e-01, 4.924193e-01, 3.800000e-01, 3.818708e-01, -1.870757e-03, 7.927264e-02, 3.025981e-01
5.790000e+01, 9.924092e-01, 4.924380e-01, 3.800000e-01, 3.818680e-01, -1.868006e-03, 7.907988e-02, 3.027881e-01
5.800000e+01, 9.924280e-01, 4.924567e-01, 3.800000e-01, 3.818650e-01, -1.865050e-03, 7.888739e-02, 3.029777e-01
5.810000e+01, 9.924468e-01, 4.924753e-01, 3.800000e-01, 3.818619e-01, -1.861891e-03, 7.869517e-02, 3.031667e-01
5.820000e+01, 9.924656e-01, 4.924939e-01, 3.800000e-01, 3.818585e-01, -1.858530e-03, 7.850321e-02, 3.033553e-01
5.830000e+01, 9.924843e-01, 4.925125e-01, 3.800000e-01, 3.818550e-01, -1.854973e-03, 7.831153e-02, 3.035434e-01
5.840000e+01, 9.925029e-01, 4.925310e-01, 3.800000e-01, 3.818512e-01, -1.851223e-03, 7.812012e-02, 3.037311e-01
5.850000e+01, 9.925216e-01, 4.925495e-01, 3.800000e-01, 3.818473e-01, -1.847286e-03, 7.792899e-02, 3.039183e-01
5.860000e+01, 9.925402e-01, 4.925680e-01, 3.800000e-01, 3.818432e-01, -1.843169e-03, 7.773814e-02, 3.041050e-01
5.870000e+01, 9.925587e-01, 4.925864e-01, 3.800000e-01, 3.818389e-01, -1.838881e-03, 7.754759e-02, 3.042913e-01
5.880000e+01, 9.925772e-01, 4.926048e-01, 3.800000e-01, 3.818344e-01, -1.834429e-03, 7.735734e-02, 3.044771e-01
5.890000e+01, 9.925957e-01, 4.926231e-01, 3.800000e-01, 3.818298e-01, -1.829823e-03, 7.716739e-02, 3.046624e-01
5.900000e+01, 9.926141e-01, 4.926414e-01, 3.800000e-01, 3.818251e-01, -1.825074e-03, 7.697776e-02, 3.048473e-01
5.910000e+01, 9.926324e-01, 4.926596e-01, 3.800000e-01, 3.818202e-01, -1.820190e-03, 7.678846e-02, 3.050317e-01
5.920000e+01, 9.926507e-01, 4.926778e-01, 3.800000e-01, 3.818152e-01, -1.815184e-03, 7.659950e-02, 3.052157e-01
5.930000e+01, 9.926690e-01, 4.926959e-01, 3.800000e-01, 3.818101e-01, -1.810067e-03, 7.641088e-02, 3.053992e-01
5.940000e+01, 9.926872e-01, 4.927140e-01, 3.800000e-01, 3.818048e-01, -1.804848e-03, 7.622261e-02, 3.055822e-01
5.950000e+01, 9.927054e-01, 4.927320e-01, 3.800000e-01, 3.817995e-01, -1.799541e-03, 7.603471e-02, 3.057648e-01
5.960000e+01, 9.927235e-01, 4.927499e-01, 3.800000e-01, 3.817942e-01, -1.794157e-03, 7.584719e-02, 3.059470e-01
5.970000e+01, 9.927415e-01, 4.927679e-01, 3.800000e-01, 3.817887e-01, -1.788707e-03, 7.566005e-02, 3.061287e-01
5.980000e+01, 9.927595e-01, 4.927857e-01, 3.800000e-01, 3.817832e-01, -1.783202e-03, 7.547331e-02, 3.063099e-01
5.990000e+01, 9.927774e-01, 4.928035e-01, 3.800000e-01, 3.817777e-01, -1.777654e-03, 7.528697e-02, 3.064907e-01
6.000000e+01, 9.927953e-01, 4.928213e-01, 3.800000e-01, 3.817721e-01, -1.772074e-03, 7.510105e-02, 3.066710e-01
6.010000e+01, 9.928131e-01, 4.928390e-01, 3.800000e-01, 3.817665e-01, -1.766472e-03, 7.491556e-02, 3.068509e-01
6.020000e+01, 9.928309e-01, 4.928566e-01, 3.800000e-01, 3.817609e-01, -1.760859e-03, 7.473049e-02, 3.070304e-01
6.030000e+01, 9.928486e-01, 4.928742e-01, 3.800000e-01, 3.817552e-01, -1.755245e-03, 7.454587e-02, 3.072094e-01
6.040000e+01, 9.928663e-01, 4.928917e-01, 3.800000e-01, 3.817496e-01, -1.749639e-03, 7.436170e-02, 3.073879e-01
6.050000e+01, 9.928839e-01, 4.929092e-01, 3.800000e-01, 3.817441e-01, -1.744051e-03, 7.417799e-02, 3.075661e-01
6.060000e+01, 9.929014e-01, 4.929266e-01, 3.800000e-01, 3.817385e-01, -1.738488e-03, 7.399474e-02, 3.077437e-01
6.070000e+01, 9.929189e-01, 4.929439e-01, 3.800000e-01, 3.817330e-01, -1.732960e-03, 7.381197e-02, 3.079210e-01
6.080000e+01, 9.929363e-01, 4.929612e-01, 3.800000e-01, 3.817275e-01, -1.727472e-03, 7.362967e-02, 3.080978e-01
6.090000e+01, 9.929537e-01, 4.929785e-01, 3.800000e-01, 3.817220e-01, -1.722033e-03, 7.344786e-02, 3.082742e-01
6.100000e+01, 9.929710e-01, 4.929957e-01, 3.800000e-01, 3.817166e-01, -1.716647e-03, 7.326653e-02, 3.084501e-01
6.110000e+01, 9.929882e-01, 4.930128e-01, 3.800000e-01, 3.817113e-01, -1.711321e-03, 7.308569e-02, 3.086256e-01
6.120000e+01, 9.930055e-01, 4.930299e-01, 3.800000e-01, 3.817061e-01, -1.706060e-03, 7.290536e-02, 3.088007e-01
6.130000e+01, 9.930226e-01, 4.930470e-01, 3.800000e-01, 3.817009e-01, -1.700868e-03, 7.272551e-02, 3.089754e-01
6.140000e+01, 9.930397e-01, 4.930639e-01, 3.800000e-01, 3.816957e-01, -1.695749e-03, 7.254617e-02, 3.091496e-01
6.150000e+01, 9.930568e-01, 4.930809e-01, 3.800000e-01, 3.816907e-01, -1.690706e-03, 7.236734e-02, 3.093234e-01
6.160000e+01, 9.930738e-01, 4.930977e-01, 3.800000e-01, 3.816857e-01, -1.685741e-03, 7.218900e-02, 3.094967e-01
6.170000e+01, 9.930907e-01, 4.931146e-01, 3.800000e-01, 3.816809e-01, -1.680856e-03, 7.201117e-02, 3.096697e-01
6.180000e+01, 9.931076e-01, 4.931314e-01, 3.800000e-01, 3.816761e-01, -1.676053e-03, 7.183385e-02, 3.098422e-01
6.190000e+01, 9.931245e-01, 4.931481e-01, 3.800000e-01, 3.816713e-01, -1.671333e-03, 7.165703e-02, 3.100143e-01
6.200000e+01, 9.931413e-01, 4.931648e-01, 3.800000e-01, 3.816667e-01, -1.666695e-03, 7.148072e-02, 3.101860e-01
6.210000e+01, 9.931580e-01, 4.931814e-01, 3.800000e-01, 3.816621e-01, -1.662140e-03, 7.130490e-02, 3.103572e-01
6.220000e+01, 9.931747e-01, 4.931980e-01, 3.800000e-01, 3.816577e-01, -1.657666e-03, 7.112959e-02, 3.105281e-01
6.230000e+01, 9.931914e-01, 4.932146e-01, 3.800000e-01, 3.816533e-01, -1.653274e-03, 7.095477e-02, 3.106985e-01
6.240000e+01, 9.932080e-01, 4.932311e-01, 3.800000e-01, 3.816490e-01, -1.648961e-03, 7.078045e-02, 3.108685e-01
6.250000e+01, 9.932246e-01, 4.932476e-01, 3.800000e-01, 3.816447e-01, -1.644725e-03, 7.060663e-02, 3.110381e-01
6.260000e+01, 9.932412e-01, 4.932640e-01, 3.800000e-01, 3.816406e-01, -1.640565e-03, 7.043329e-02, 3.112073e-01
6.270000e+01, 9.932577e-01, 4.932804e-01, 3.800000e-01, 3.816365e-01, -1.636477e-03, 7.026043e-02, 3.113760e-01
6.280000e+01, 9.932741e-01, 4.932967e-01, 3.800000e-01, 3.816325e-01, -1.632459e-03, 7.008806e-02, 3.115444e-01
6.290000e+01, 9.932905e-01, 4.933130e-01, 3.800000e-01, 3.816285e-01, -1.628507e-03, 6.991617e-02, 3.117123e-01
6.300000e+01, 9.933069e-01, 4.933293e-01, 3.800000e-01, 3.816246e-01, -1.624619e-03, 6.974475e-02, 3.118799e-01
6.310000e+01, 9.933232e-01, 4.933455e-01, 3.800000e-01, 3.816208e-01, -1.620791e-03, 6.957380e-02, 3.120470e-01
6.320000e+01, 9.933395e-01, 4.933617e-01, 3.800000e-01, 3.816170e-01, -1.617019e-03, 6.940331e-02, 3.122137e-01
6.330000e+01, 9.933558e-01, 4.933779e-01, 3.800000e-01, 3.816133e-01, -1.613300e-03, 6.923328e-02, 3.123800e-01
6.340000e+01, 9.933720e-01, 4.933940e-01, 3.800000e-01, 3.816096e-01, -1.609629e-03, 6.906371e-02, 3.125459e-01
6.350000e+01, 9.933882e-01, 4.934101e-01, 3.800000e-01, 3.816060e-01, -1.606003e-03, 6.889459e-02, 3.127114e-01
6.360000e+01, 9.934043e-01, 4.934261e-01, 3.800000e-01, 3.816024e-01, -1.602418e-03, 6.872591e-02, 3.128765e-01
6.370000e+01, 9.934205e-01, 4.934421e-01, 3.800000e-01, 3.815989e-01, -1.598870e-03, 6.855767e-02, 3.130412e-01
6.380000e+01, 9.934365e-01, 4.934581e-01, 3.800000e-01, 3.815954e-01, -1.595355e-03, 6.838987e-02, 3.132055e-01
6.390000e+01, 9.934526e-01, 4.934740e-01, 3.800000e-01, 3.815919e-01, -1.591869e-03, 6.822250e-02, 3.133694e-01
6.400000e+01, 9.934686e-01, 4.934899e-01, 3.800000e-01, 3.815884e-01, -1.588408e-03, 6.805555e-02, 3.135329e-01
6.410000e+01, 9.934846e-01, 4.935058e-01, 3.800000e-01, 3.815850e-01, -1.584969e-03, 6.788903e-02, 3.136959e-01
6.420000e+01, 9.935005e-01, 4.935216e-01, 3.800000e-01, 3.815815e-01, -1.581549e-03, 6.772292e-02, 3.138586e-01
6.430000e+01, 9.935164e-01, 4.935374e-01, 3.800000e-01, 3.815781e-01, -1.578142e-03, 6.755722e-02, 3.140209e-01
6.440000e+01, 9.935323e-01, 4.935532e-01, 3.800000e-01, 3.815747e-01, -1.574748e-03, 6.739194e-02, 3.141828e-01
6.450000e+01, 9.935481e-01, 4.935689e-01, 3.800000e-01, 3.815714e-01, -1.571361e-03, 6.722705e-02, 3.143443e-01
6.460000e+01, 9.935639e-01, 4.935846e-01, 3.800000e-01, 3.815680e-01, -1.567980e-03, 6.706257e-02, 3.145054e-01
6.470000e+01, 9.935797e-01, 4.936003e-01, 3.800000e-01, 3.815646e-01, -1.564601e-03, 6.689849e-02, 3.146661e-01
6.480000e+01, 9.935954e-01, 4.936159e-01, 3.800000e-01, 3.815612e-01, -1.561222e-03, 6.673480e-02, 3.148264e-01
6.490000e+01, 9.936111e-01, 4.936315e-01, 3.800000e-01, 3.815578e-01, -1.557840e-03, 6.657150e-02, 3.149863e-01
6.500000e+01, 9.936267e-01, 4.936471e-01, 3.800000e-01, 3.815545e-01, -1.554453e-03, 6.640858e-02, 3.151459e-01
6.510000e+01, 9.936424e-01, 4.936626e-01, 3.800000e-01, 3.815511e-01, -1.551060e-03, 6.624605e-02, 3.153050e-01
6.520000e+01, 9.936580e-01, 4.936781e-01, 3.800000e-01, 3.815477e-01, -1.547658e-03, 6.608391e-02, 3.154638e-01
6.530000e+01, 9.936735e-01, 4.936935e-01, 3.800000e-01, 3.815442e-01, -1.544246e-03, 6.592214e-02, 3.156221e-01
6.540000e+01, 9.936890e-01, 4.937090e-01, 3.800000e-01, 3.815408e-01, -1.540822e-03, 6.576074e-02, 3.157801e-01
6.550000e+01, 9.937045e-01, 4.937243e-01, 3.800000e-01, 3.815374e-01, -1.537385e-03, 6.559973e-02, 3.159377e-01
6.560000e+01, 9.937200e-01, 4.937397e-01, 3.800000e-01, 3.815339e-01, -1.533935e-03, 6.543908e-02, 3.160949e-01
6.570000e+01, 9.937354e-01, 4.937550e-01, 3.800000e-01, 3.815305e-01, -1.530470e-03, 6.527881e-02, 3.162517e-01
6.580000e+01, 9.937508e-01, 4.937703e-01, 3.800000e-01, 3.815270e-01, -1.526991e-03, 6.511891e-02, 3.164081e-01
6.590000e+01, 9.937661e-01, 4.937856e-01, 3.800000e-01, 3.815235e-01, -1.523496e-03, 6.495938e-02, 3.165641e-01
6.600000e+01, 9.937814e-01, 4.938008e-01, 3.800000e-01, 3.815200e-01, -1.519985e-03, 6.480021e-02, 3.167198e-01
6.610000e+01, 9.937967e-01, 4.938160e-01, 3.800000e-01, 3.815165e-01, -1.516458e-03, 6.464141e-02, 3.168750e-01
6.620000e+01, 9.938120e-01, 4.938311e-01, 3.800000e-01, 3.815129e-01, -1.512916e-03, 6.448298e-02, 3.170299e-01
6.630000e+01, 9.938272e-01, 4.938462e-01, 3.800000e-01, 3.815094e-01, -1.509359e-03, 6.432491e-02, 3.171844e-01
6.640000e+01, 9.938423e-01, 4.938613e-01, 3.800000e-01, 3.815058e-01, -1.505787e-03, 6.416721e-02, 3.173386e-01
6.650000e+01, 9.938575e-01, 4.938763e-01, 3.800000e-01, 3.815022e-01, -1.502201e-03, 6.400987e-02, 3.174923e-01
6.660000e+01, 9.938726e-01, 4.938913e-01, 3.800000e-01, 3.814986e-01, -1.498601e-03, 6.385289e-02, 3.176457e-01
6.670000e+01, 9.938876e-01, 4.939063e-01, 3.800000e-01, 3.814950e-01, -1.494988e-03, 6.369628e-02, 3.177987e-01
6.680000e+01, 9.939027e-01, 4.939212e-01, 3.800000e-01, 3.814914e-01, -1.491364e-03, 6.354004e-02, 3.179513e-01
6.690000e+01, 9.939176e-01, 4.939361e-01, 3.800000e-01, 3.814877e-01, -1.487728e-03, 6.338416e-02, 3.181036e-01
6.700000e+01, 9.939326e-01, 4.939510e-01, 3.800000e-01, 3.814841e-01, -1.484083e-03, 6.322864e-02, 3.182554e-01
6.710000e+01, 9.939475e-01, 4.939658e-01, 3.800000e-01, 3.814804e-01, -1.480429e-03, 6.307349e-02, 3.184069e-01
6.720000e+01, 9.939624e-01, 4.939806e-01, 3.800000e-01, 3.814768e-01, -1.476767e-03, 6.291870e-02, 3.185581e-01
6.730000e+01, 9.939772e-01, 4.939954e-01, 3.800000e-01, 3.814731e-01, -1.473099e-03, 6.276428e-02, 3.187088e-01
6.740000e+01, 9.939920e-01, 4.940101e-01, 3.800000e-01, 3.814694e-01, -1.469426e-03, 6.261022e-02, 3.188592e-01
6.750000e+01, 9.940068e-01, 4.940247e-01, 3.800000e-01, 3.814657e-01, -1.465749e-03, 6.245653e-02, 3.190092e-01
6.760000e+01, 9.940215e-01, 4.940394e-01, 3.800000e-01, 3.814621e-01, -1.462070e-03, 6.230320e-02, 3.191589e-01
6.770000e+01, 9.940362e-01, 4.940540e-01, 3.800000e-01, 3.814584e-01, -1.458389e-03, 6.215024e-02, 3.193081e-01
6.780000e+01, 9.940509e-01, 4.940686e-01, 3.800000e-01, 3.814547e-01, -1.454709e-03, 6.199765e-02, 3.194571e-01
6.790000e+01, 9.940655e-01, 4.940831e-01, 3.800000e-01, 3.814510e-01, -1.451030e-03, 6.184543e-02, 3.196056e-01
6.800000e+01, 9.940801e-01, 4.940976e-01, 3.800000e-01, 3.814474e-01, -1.447353e-03, 6.169357e-02, 3.197538e-01
6.810000e+01, 9.940946e-01, 4.941120e-01, 3.800000e-01, 3.814437e-01, -1.443681e-03, 6.154208e-02, 3.199016e-01
6.820000e+01, 9.941091e-01, 4.941264e-01, 3.800000e-01, 3.814400e-01, -1.440013e-03, 6.139096e-02, 3.200491e-01
6.830000e+01, 9.941236e-01, 4.941408e-01, 3.800000e-01, 3.814364e-01, -1.436352e-03, 6.124020e-02, 3.201961e-01
6.840000e+01, 9.941380e-01, 4.941552e-01, 3.800000e-01, 3.814327e-01, -1.432698e-03, 6.108982e-02, 3.203429e-01
6.850000e+01, 9.941524e-01, 4.941695e-01, 3.800000e-01, 3.814291e-01, -1.429053e-03, 6.093980e-02, 3.204892e-01
6.860000e+01, 9.941667e-01, 4.941838e-01, 3.800000e-01, 3.814254e-01, -1.425417e-03, 6.079016e-02, 3.206353e-01
6.870000e+01, 9.941811e-01, 4.941980e-01, 3.800000e-01, 3.814218e-01, -1.421791e-03, 6.064088e-02, 3.207809e-01
6.880000e+01, 9.941953e-01, 4.942122e-01, 3.800000e-01, 3.814182e-01, -1.418176e-03, 6.049197e-02, 3.209262e-01
6.890000e+01, 9.942096e-01, 4.942264e-01, 3.800000e-01, 3.814146e-01, -1.414574e-03, 6.034343e-02, 3.210711e-01
6.900000e+01, 9.942238e-01, 4.942405e-01, 3.800000e-01, 3.814110e-01, -1.410984e-03, 6.019526e-02, 3.212157e-01
6.910000e+01, 9.942380e-01, 4.942546e-01, 3.800000e-01, 3.814074e-01, -1.407408e-03, 6.004745e-02, 3.213600e-01
6.920000e+01, 9.942521e-01, 4.942686e-01, 3.800000e-01, 3.814038e-01, -1.403846e-03, 5.990002e-02, 3.215038e-01
6.930000e+01, 9.942662e-01, 4.942827e-01, 3.800000e-01, 3.814003e-01, -1.400298e-03, 5.975295e-02, 3.216473e-01
6.940000e+01, 9.942803e-01, 4.942966e-01, 3.800000e-01, 3.813968e-01, -1.396766e-03, 5.960625e-02, 3.217905e-01
6.950000e+01, 9.942943e-01, 4.943106e-01, 3.800000e-01, 3.813932e-01, -1.393249e-03, 5.945991e-02, 3.219333e-01
6.960000e+01, 9.943083e-01, 4.943245e-01, 3.800000e-01, 3.813897e-01, -1.389748e-03, 5.931394e-02, 3.220758e-01
6.970000e+01, 9.943223e-01, 4.943384e-01, 3.800000e-01, 3.813863e-01, -1.386263e-03, 5.916834e-02, 3.222179e-01
6.980000e+01, 9.943362e-01, 4.943522e-01, 3.800000e-01, 3.813828e-01, -1.382794e-03, 5.902310e-02, 3.223597e-01
6.990000e+01, 9.943501e-01, 4.943660e-01, 3.800000e-01, 3.813793e-01, -1.379342e-03, 5.887823e-02, 3.225011e-01
7.000000e+01, 9.943639e-01, 4.943798e-01, 3.800000e-01, 3.813759e-01, -1.375906e-03, 5.873372e-02, 3.226422e-01
7.010000e+01, 9.943778e-01, 4.943936e-01, 3.800000e-01, 3.813725e-01, -1.372487e-03, 5.858957e-02, 3.227829e-01
7.020000e+01, 9.943915e-01, 4.944073e-01, 3.800000e-01, 3.813691e-01, -1.369084e-03, 5.844578e-02, 3.229233e-01
7.030000e+01, 9.944053e-01, 4.944209e-01, 3.800000e-01, 3.813657e-01, -1.365698e-03, 5.830236e-02, 3.230633e-01
7.040000e+01, 9.944190e-01, 4.944346e-01, 3.800000e-01, 3.813623e-01, -1.362327e-03, 5.815929e-02, 3.232030e-01
7.050000e+01, 9.944327e-01, 4.944482e-01, 3.800000e-01, 3.813590e-01, -1.358973e-03, 5.801658e-02, 3.233424e-01
7.060000e+01, 9.944463e-01, 4.944618e-01, 3.800000e-01, 3.813556e-01, -1.355634e-03, 5.787423e-02, 3.234814e-01
7.070000e+01, 9.944600e-01, 4.944753e-01, 3.800000e-01, 3.813523e-01, -1.352311e-03, 5.773224e-02, 3.236201e-01
7.080000e+01, 9.944735e-01, 4.944888e-01, 3.800000e-01, 3.813490e-01, -1.349003e-03, 5.759060e-02, 3.237584e-01
7.090000e+01, 9.944871e-01, 4.945023e-01, 3.800000e-01, 3.813457e-01, -1.345710e-03, 5.744931e-02, 3.238964e-01
7.100000e+01, 9.945006e-01, 4.945157e-01, 3.800000e-01, 3.813424e-01, -1.342432e-03, 5.730838e-02, 3.240341e-01
7.110000e+01, 9.945141e-01, 4.945291e-01, 3.800000e-01, 3.813392e-01, -1.339167e-03, 5.716780e-02, 3.241714e-01
7.120000e+01, 9.945275e-01, 4.945425e-01, 3.800000e-01, 3.813359e-01, -1.335916e-03, 5.702757e-02, 3.243083e-01
7.130000e+01, 9.945409e-01, 4.945558e-01, 3.800000e-01, 3.813327e-01, -1.332678e-03, 5.688769e-02, 3.244450e-01
7.140000e+01, 9.945543e-01, 4.945692e-01, 3.800000e-01, 3.813295e-01, -1.329453e-03, 5.674815e-02, 3.245813e-01
7.150000e+01, 9.945677e-01, 4.945824e-01, 3.800000e-01, 3.813262e-01, -1.326240e-03, 5.660897e-02, 3.247173e-01
7.160000e+01, 9.945810e-01, 4.945957e-01, 3.800000e-01, 3.813230e-01, -1.323039e-03, 5.647012e-02, 3.248529e-01
7.170000e+01, 9.945943e-01, 4.946089e-01, 3.800000e-01, 3.813198e-01, -1.319850e-03, 5.633162e-02, 3.249882e-01
7.180000e+01, 9.946075e-01, 4.946221e-01, 3.800000e-01, 3.813167e-01, -1.316671e-03, 5.619347e-02, 3.251232e-01
7.190000e+01, 9.946208e-01, 4.946352e-01, 3.800000e-01, 3.813135e-01, -1.313503e-03, 5.605565e-02, 3.252578e-01
7.200000e+01, 9.946339e-01, 4.946483e-01, 3.800000e-01, 3.813103e-01, -1.310345e-03, 5.591818e-02, 3.253922e-01
7.210000e+01, 9.946471e-01, 4.946614e-01, 3.800000e-01, 3.813072e-01, -1.307196e-03, 5.578104e-02, 3.255262e-01
7.220000e+01, 9.946602e-01, 4.946745e-01, 3.800000e-01, 3.813041e-01, -1.304057e-03, 5.564425e-02, 3.256598e-01
7.230000e+01, 9.946733e-01, 4.946875e-01, 3.800000e-01, 3.813009e-01, -1.300926e-03, 5.550779e-02, 3.257931e-01
7.240000e+01, 9.946864e-01, 4.947005e-01, 3.800000e-01, 3.812978e-01, -1.297803e-03, 5.537166e-02, 3.259261e-01
7.250000e+01, 9.946994e-01, 4.947135e-01, 3.800000e-01, 3.812947e-01, -1.294689e-03, 5.523587e-02, 3.260588e-01
7.260000e+01, 9.947124e-01, 4.947264e-01, 3.800000e-01, 3.812916e-01, -1.291581e-03, 5.510041e-02, 3.261912e-01
7.270000e+01, 9.947254e-01, 4.947393e-01, 3.800000e-01, 3.812885e-01, -1.288481e-03, 5.496528e-02, 3.263232e-01
7.280000e+01, 9.947383e-01, 4.947522e-01, 3.800000e-01, 3.812854e-01, -1.285388e-03, 5.483048e-02, 3.264549e-01
7.290000e+01, 9.947512e-01, 4.947650e-01, 3.800000e-01, 3.812823e-01, -1.282301e-03, 5.469602e-02, 3.265863e-01
7.300000e+01, 9.947641e-01, 4.947778e-01, 3.800000e-01, 3.812792e-01, -1.279221e-03, 5.456188e-02, 3.267173e-01
7.310000e+01, 9.947770e-01, 4.947906e-01, 3.800000e-01, 3.812761e-01, -1.276147e-03, 5.442807e-02, 3.268481e-01
7.320000e+01, 9.947898e-01, 4.948033e-01, 3.800000e-01, 3.812731e-01, -1.273078e-03, 5.429458e-02, 3.269785e-01
7.330000e+01, 9.948026e-01, 4.948161e-01, 3.800000e-01, 3.812700e-01, -1.270014e-03, 5.416142e-02, 3.271086e-01
7.340000e+01, 9.948153e-01, 4.948287e-01, 3.800000e-01, 3.812670e-01, -1.266957e-03, 5.402859e-02, 3.272384e-01
7.350000e+01, 9.948280e-01, 4.948414e-01, 3.800000e-01, 3.812639e-01, -1.263904e-03, 5.389608e-02, 3.273678e-01
7.360000e+01, 9.948407e-01, 4.948540e-01, 3.800000e-01, 3.812609e-01, -1.260856e-03, 5.376389e-02, 3.274970e-01
7.370000e+01, 9.948534e-01, 4.948666e-01, 3.800000e-01, 3.812578e-01, -1.257813e-03, 5.363202e-02, 3.276258e-01
7.380000e+01, 9.948660e-01, 4.948792e-01, 3.800000e-01, 3.812548e-01, -1.254775e-03, 5.350048e-02, 3.277543e-01
7.390000e+01, 9.948786e-01, 4.948917e-01, 3.800000e-01, 3.812517e-01, -1.251741e-03, 5.336925e-02, 3.278825e-01
7.400000e+01, 9.948912e-01, 4.949042e-01, 3.800000e-01, 3.812487e-01, -1.248712e-03, 5.323834e-02, 3.280104e-01
7.410000e+01, 9.949037e-01, 4.949167e-01, 3.800000e-01, 3.812457e-01, -1.245688e-03, 5.310776e-02, 3.281379e-01
7.420000e+01, 9.949162e-01, 4.949291e-01, 3.800000e-01, 3.812427e-01, -1.242668e-03, 5.297748e-02, 3.282652e-01
7.430000e+01, 9.949287e-01, 4.949415e-01, 3.800000e-01, 3.812397e-01, -1.239653e-03, 5.284753e-02, 3.283921e-01
7.440000e+01, 9.949411e-01, 4.949539e-01, 3.800000e-01, 3.812366e-01, -1.236643e-03, 5.271789e-02, 3.285188e-01
7.450000e+01, 9.949535e-01, 4.949663e-01, 3.800000e-01, 3.812336e-01, -1.233637e-03, 5.258857e-02, 3.286451e-01
7.460000e+01, 9.949659e-01, 4.949786e-01, 3.800000e-01, 3.812306e-01, -1.230636e-03, 5.245956e-02, 3.287711e-01
7.470000e+01, 9.949783e-01, 4.949909e-01, 3.800000e-01, 3.812276e-01, -1.227639e-03, 5.233087e-02, 3.288968e-01
7.480000e+01, 9.949906e-01, 4.950031e-01, 3.800000e-01, 3.812246e-01, -1.224648e-03, 5.220249e-02, 3.290222e-01
7.490000e+01, 9.950029e-01, 4.950154e-01, 3.800000e-01, 3.812217e-01, -1.221661e-03, 5.207442e-02, 3.291472e-01
7.500000e+01, 9.950152e-01, 4.950276e-01, 3.800000e-01, 3.812187e-01, -1.218679e-03, 5.194666e-02, 3.292720e-01
7.510000e+01, 9.950274e-01, 4.950397e-01, 3.800000e-01, 3.812157e-01, -1.215703e-03, 5.181922e-02, 3.293965e-01
7.520000e+01, 9.950396e-01, 4.950519e-01, 3.800000e-01, 3.812127e-01, -1.212731e-03, 5.169208e-02, 3.295206e-01
7.530000e+01, 9.950518e-01, 4.950640e-01, 3.800000e-01, 3.812098e-01, -1.209765e-03, 5.156526e-02, 3.296445e-01
7.540000e+01, 9.950639e-01, 4.950761e-01, 3.800000e-01, 3.812068e-01, -1.206805e-03, 5.143875e-02, 3.297681e-01
7.550000e+01, 9.950760e-01, 4.950881e-01, 3.800000e-01, 3.812038e-01, -1.203850e-03, 5.131254e-02, 3.298913e-01
7.560000e+01, 9.950881e-01, 4.951002e-01, 3.800000e-01, 3.812009e-01, -1.200901e-03, 5.118664e-02, 3.300143e-01
7.570000e+01, 9.951002e-01, 4.951122e-01, 3.800000e-01, 3.811980e-01, -1.197957e-03, 5.106105e-02, 3.301369e-01
7.580000e+01, 9.951122e-01, 4.951241e-01, 3.800000e-01, 3.811950e-01, -1.195020e-03, 5.093577e-02, 3.302593e-01
7.590000e+01, 9.951242e-01, 4.951361e-01, 3.800000e-01, 3.811921e-01, -1.192089e-03, 5.081079e-02, 3.303813e-01
7.600000e+01, 9.951361e-01, 4.951480e-01, 3.800000e-01, 3.811892e-01, -1.189164e-03, 5.068612e-02, 3.305030e-01
7.610000e+01, 9.951481e-01, 4.951598e-01, 3.800000e-01, 3.811862e-01, -1.186246e-03, 5.056176e-02, 3.306245e-01
7.620000e+01, 9.951600e-01, 4.951717e-01, 3.800000e-01, 3.811833e-01, -1.183334e-03, 5.043769e-02, 3.307456e-01
7.630000e+01, 9.951719e-01, 4.951835e-01, 3.800000e-01, 3.811804e-01, -1.180428e-03, 5.031394e-02, 3.308665e-01
7.640000e+01, 9.951837e-01, 4.951953e-01, 3.800000e-01, 3.811775e-01, -1.177530e-03, 5.019048e-02, 3.309870e-01
7.650000e+01, 9.951955e-01, 4.952071e-01, 3.800000e-01, 3.811746e-01, -1.174638e-03, 5.006733e-02, 3.311073e-01
7.660000e+01, 9.952073e-01, 4.952188e-01, 3.800000e-01, 3.811718e-01, -1.171753e-03, 4.994448e-02, 3.312273e-01
7.670000e+01, 9.952191e-01, 4.952305e-01, 3.800000e-01, 3.811689e-01, -1.168876e-03, 4.982193e-02, 3.313469e-01
7.680000e+01, 9.952308e-01, 4.952422e-01, 3.800000e-01, 3.811660e-01, -1.166005e-03, 4.969969e-02, 3.314663e-01
7.690000e+01, 9.952425e-01, 4.952538e-01, 3.800000e-01, 3.811631e-01, -1.163142e-03, 4.957774e-02, 3.315854e-01
7.700000e+01, 9.952542e-01, 4.952654e-01, 3.800000e-01, 3.811603e-01, -1.160286e-03, 4.945609e-02, 3.317042e-01
7.710000e+01, 9.952658e-01, 4.952770e-01, 3.800000e-01, 3.811574e-01, -1.157438e-03, 4.933474e-02, 3.318227e-01
7.720000e+01, 9.952774e-01, 4.952886e-01, 3.800000e-01, 3.811546e-01, -1.154597e-03, 4.921369e-02, 3.319409e-01
7.730000e+01, 9.952890e-01, 4.953001e-01, 3.800000e-01, 3.811518e-01, -1.151764e-03, 4.909294e-02, 3.320588e-01
7.740000e+01, 9.953006e-01, 4.953116e-01, 3.800000e-01, 3.811489e-01, -1.148938e-03, 4.897248e-02, 3.321765e-01
7.750000e+01, 9.953121e-01, 4.953231e-01, 3.800000e-01, 3.811461e-01, -1.146119e-03, 4.885232e-02, 3.322938e-01
7.760000e+01, 9.953236e-01, 4.953345e-01, 3.800000e-01, 3.811433e-01, -1.143309e-03, 4.873246e-02, 3.324108e-01
7.770000e+01, 9.953351e-01, 4.953460e-01, 3.800000e-01, 3.811405e-01, -1.140506e-03, 4.861289e-02, 3.325276e-01
7.780000e+01, 9.953465e-01, 4.953573e-01, 3.800000e-01, 3.811377e-01, -1.137711e-03, 4.849362e-02, 3.326441e-01
7.790000e+01, 9.953579e-01, 4.953687e-01, 3.800000e-01, 3.811349e-01, -1.134923e-03, 4.837463e-02, 3.327603e-01
7.800000e+01, 9.953693e-01, 4.953800e-01, 3.800000e-01, 3.811321e-01, -1.132143e-03, 4.825594e-02, 3.328762e-01
7.810000e+01, 9.953807e-01, 4.953914e-01, 3.800000e-01, 3.811294e-01, -1.129371e-03, 4.813755e-02, 3.329918e-01
7.820000e+01, 9.953920e-01, 4.954026e-01, 3.800000e-01, 3.811266e-01, -1.126606e-03, 4.801944e-02, 3.331072e-01
7.830000e+01, 9.954033e-01, 4.954139e-01, 3.800000e-01, 3.811238e-01, -1.123849e-03, 4.790163e-02, 3.332222e-01
7.840000e+01, 9.954146e-01, 4.954251e-01, 3.800000e-01, 3.811211e-01, -1.121100e-03, 4.778410e-02, 3.333370e-01
7.850000e+01, 9.954258e-01, 4.954363e-01, 3.800000e-01, 3.811184e-01, -1.118358e-03, 4.766687e-02, 3.334515e-01
7.860000e+01, 9.954371e-01, 4.954475e-01, 3.800000e-01, 3.811156e-01, -1.115624e-03, 4.754992e-02, 3.335657e-01
7.870000e+01, 9.954483e-01, 4.954586e-01, 3.800000e-01, 3.811129e-01, -1.112897e-03, 4.743326e-02, 3.336796e-01
7.880000e+01, 9.954594e-01, 4.954697e-01, 3.800000e-01, 3.811102e-01, -1.110178e-03, 4.731688e-02, 3.337933e-01
7.890000e+01, 9.954706e-01, 4.954808e-01, 3.800000e-01, 3.811075e-01, -1.107466e-03, 4.720080e-02, 3.339067e-01
7.900000e+01, 9.954817e-01, 4.954919e-01, 3.800000e-01, 3.811048e-01, -1.104762e-03, 4.708500e-02, 3.340198e-01
7.910000e+01, 9.954928e-01, 4.955029e-01, 3.800000e-01, 3.811021e-01, -1.102065e-03, 4.696948e-02, 3.341326e-01
7.920000e+01, 9.955038e-01, 4.955139e-01, 3.800000e-01, 3.810994e-01, -1.099375e-03, 4.685425e-02, 3.342451e-01
7.930000e+01, 9.955148e-01, 4.955249e-01, 3.800000e-01, 3.810967e-01, -1.096692e-03, 4.673930e-02, 3.343574e-01
7.940000e+01, 9.955259e-01, 4.955359e-01, 3.800000e-01, 3.810940e-01, -1.094017e-03, 4.662463e-02, 3.344694e-01
7.950000e+01, 9.955368e-01, 4.955468e-01, 3.800000e-01, 3.810913e-01, -1.091348e-03, 4.651025e-02, 3.345811e-01
7.960000e+01, 9.955478e-01, 4.955577e-01, 3.800000e-01, 3.810887e-01, -1.088687e-03, 4.639614e-02, 3.346925e-01
7.970000e+01, 9.955587e-01, 4.955686e-01, 3.800000e-01, 3.810860e-01, -1.086032e-03, 4.628232e-02, 3.348037e-01
7.980000e+01, 9.955696e-01, 4.955794e-01, 3.800000e-01, 3.810834e-01, -1.083384e-03, 4.616877e-02, 3.349146e-01
7.990000e+01, 9.955805e-01, 4.955902e-01, 3.800000e-01, 3.810807e-01, -1.080743e-03, 4.605551e-02, 3.350252e-01
8.000000e+01, 9.955913e-01, 4.956010e-01, 3.800000e-01, 3.810781e-01, -1.078109e-03, 4.594252e-02, 3.351356e-01
